2.134321334831099957e+05 6.640594083237919025e+06
2.134490823897062219e+05 6.640559375612271950e+06
2.135052622995614656e+05 6.640796619020959362e+06
2.134633542571274447e+05 6.640641402577577159e+06
2.135143358685461571e+05 6.640847405913583003e+06
2.134863880786397494e+05 6.640477331562121399e+06
2.134224404340150650e+05 6.640564811682550237e+06
2.134131025336177554e+05 6.640561631508439779e+06
2.134866723792847479e+05 6.640763003789863549e+06
2.134926532259605010e+05 6.640795636909150518e+06
2.134979944289049599e+05 6.640810228944758885e+06
2.134089355192864896e+05 6.640538406574141234e+06
2.134495215650872560e+05 6.640560247384367511e+06
2.140527789504594984e+05 6.641949867294291966e+06
2.134079393027340411e+05 6.640537980410509743e+06
2.134168163390181144e+05 6.640591454624555074e+06
2.134186324959181948e+05 6.640578221238917671e+06
2.134351229485262302e+05 6.640615923159916885e+06
