1.795192819848523413e-03
2.922919246941546589e-04
3.650891281239410091e-04
2.717866738350949163e-04
5.164128302155290839e-04
1.321922944607933914e-02
2.044034491934866082e+00
-1.126802765526235817e-03
-1.449673108965043866e-03
2.071462187675102484e+00
4.044538755238136218e-03
-3.298509683518737745e+00
7.189590718326144270e-05
1.516997446060486254e-05
1.470277217383724633e+00
1.974028477931710768e-03
2.063624574422409097e+00
5.785156376161193492e-01
-9.615909142087510020e+00
2.207108947874630189e+00
4.063897265404250447e+00
5.633504220630101145e-01
-2.676585955479282575e-01
4.293784060121616619e+00
1.746691150557282413e-01
2.294480581378302020e+00
1.556241625145922569e+00
-1.243092919660682583e+00
-1.171658679230716871e+00
1.995855772044752285e+00
1.532984209941659515e+00
5.443346492936811387e-01
4.046796486205039400e+00
-4.110646265091020268e-01
6.966999154397441885e-01
2.213640173351905105e-04
1.667908510637886366e+00
-1.690962004371606042e+00
1.115344291674986721e+00
-6.384723360765889311e-01
-1.562578212775946440e+00
1.025916145871036633e+00
-4.215679537016114864e-01
4.829348661127568221e-01
4.053711718201888914e-01
2.682167347354514675e+00
-1.787292806798348010e+00
4.981311304135260798e-04
-1.758543258405182996e-01
8.851085439588501913e-02
6.785860720519281131e-01
1.236606663308634779e+00
-1.011133446522350710e+00
-1.951288595863445607e+00
6.601864025640225009e-02
3.607833673312512701e-01
-2.171180235445405060e+00
-2.962145291624167953e+00
-2.663401975908641361e-03
-4.145155100148372185e-01
9.367248254648075090e-04
4.165210126137139923e-01
2.049734392121280280e+00
-3.570805336806387231e+00
-4.201535235395681411e-02
-8.383948089049226837e-01
2.020900192593586553e+00
2.396855164826831697e+00
-1.489847424395748021e+00
1.432993283251164485e+00
-2.428545771839480949e-01
-2.141638530047259792e+00
8.393288671809671087e-01
-2.007746607440452635e+00
2.237373839274084730e+00
4.313201152114629622e-01
9.590442488806445454e-01
1.578200381378564998e+00
2.498853060120893588e-01
-1.909617206822247226e-01
2.382500469710180369e-02
4.468685755943795357e-01
9.718276193932240403e-01
2.694686248963876096e+00
-3.095021659326562258e-01
1.175678354160282879e+00
-1.121413616196889507e+00
-4.479452610650810129e+00
3.837146333923158181e+00
1.684441437890541238e+00
1.504620016094378343e+00
1.098026590900275323e+00
8.204712830980156468e-01
-2.604731932328832045e-01
-1.029896617914374701e+00
1.808408426229817678e+00
-3.069027106884050227e-01
2.304028327727678516e+00
1.091389430532444749e+00
1.885608524927789631e+00
-1.881371423106287466e+00
1.621611902049835408e-01
6.496727556710766294e-01
6.827148872725956608e-01
-1.315994210193508707e+00
2.874588446917499596e+00
4.746390490902115289e+00
2.138658061161208934e+00
-1.978689202569228200e-01
1.110949007108672504e+00
-1.226132847018789107e+00
6.307527269693480321e-01
1.283745497707826644e+00
-2.504545211492938961e-01
1.570829171263028456e+00
-2.845499645581298864e+00
-3.280638953192749341e-01
-1.606408150784574218e+00
2.319490289628618029e+00
-4.041168116816606926e-01
-9.610267332671753593e-01
1.900612588288197458e-01
4.071583807254341991e-01
-1.457883702606579845e+00
2.509449550768920290e+00
2.478608219624760522e+00
1.498721120355412495e+00
1.115056840450591835e+00
1.653926432290688808e+00
-4.637552327447082234e+00
-2.226969070527900385e+00
-1.771253965360983784e-01
-3.068844333103811550e+00
8.656470541166072508e-02
4.139441301356697522e+00
2.116414645191497357e+00
2.045461791149136843e-01
-3.114037236027229483e-01
-9.402162365044546277e-01
-3.398394860034272824e-01
-9.249716300817567571e-01
5.687253858603185108e-01
2.105650333911057714e-01
4.793315298829554649e-01
4.531706199752363773e+00
3.195818080179719800e-01
-5.540040610197820570e-01
-3.285087401455996314e+00
-4.972860285653553092e-01
-2.001976965461210511e+00
-6.112166542559975824e-01
1.510793541655743866e-01
1.142083150632799970e-01
1.858641885540436078e+00
3.610163111659403512e-03
2.011651162604266574e-03
3.857362021733479196e-03
-1.380957769413271308e-03
2.632161051116952422e-01
-1.848451441825659458e+00
1.766094444174427736e+00
4.299355504407202488e+00
3.729868330759643413e+00
2.812974299688619340e+00
6.190221914718563312e-01
3.201779983534152052e-01
4.234731445365014224e-04
2.537342213713600358e-03
1.564592976222911602e-03
-3.682618929758518789e-03
-2.214477166830874921e-04
-2.881040516115263017e-03
5.421309680286867660e-03
-5.470451287692412734e-04
9.008435600321718084e-04
-2.794319754428897795e-03
-4.537363707868280471e-03
-6.626168038792457082e-05
4.037036800355053856e-03
-2.175787924846574128e+00
1.131239343225442440e+01
4.053839329256419433e+00
-2.027478328473075919e+01
7.934313442169127484e+00
-5.485610966592687987e+00
-5.788539855150332869e+00
-4.183158263561921331e-01
1.258163966149652424e+00
5.452776443271901030e+00
7.780335031300182891e-01
8.568927215436220379e+00
4.657473126144878961e+00
-5.661601767524111040e+00
-1.001254993662044512e+00
