2.129400000000000000e+05 6.639831052631579340e+06
2.129400000000000000e+05 6.639982105263157748e+06
2.129400000000000000e+05 6.640133157894737087e+06
2.129400000000000000e+05 6.640737368421052583e+06
2.129400000000000000e+05 6.640586315789473243e+06
2.129400000000000000e+05 6.641190526315789670e+06
2.130394493999494007e+05 6.641137891546354629e+06
2.129400000000000000e+05 6.641039473684210330e+06
2.129400000000000000e+05 6.640888421052631922e+06
2.130636886946271115e+05 6.640931144436777569e+06
2.129400000000000000e+05 6.641341578947368078e+06
2.130636743202143116e+05 6.641347999466378242e+06
2.129400000000000000e+05 6.641794736842105165e+06
2.129400000000000000e+05 6.641945789473685436e+06
2.132176257067531988e+05 6.640522215838558972e+06
2.131989473684210097e+05 6.642550000000000000e+06
2.132550053864872025e+05 6.640404179371025413e+06
2.133147790446887084e+05 6.640240935245419852e+06
2.132805738571955881e+05 6.640638114071960561e+06
2.132190748806489864e+05 6.641880815135042183e+06
2.133331328543520940e+05 6.641911112149157561e+06
2.133768139824630925e+05 6.641641613973761909e+06
2.133201981109704066e+05 6.642033327038553543e+06
2.134087012835638889e+05 6.641473894756386988e+06
2.134237617506991955e+05 6.641975557452680543e+06
2.134190538713198039e+05 6.642078931291255169e+06
2.135681583458583918e+05 6.640338700338252820e+06
2.135819357679093082e+05 6.640211487283983268e+06
2.135152131561251881e+05 6.641080887673625723e+06
2.136358333562755142e+05 6.641071758702946827e+06
2.136835755331242108e+05 6.640277867286656983e+06
2.136964998836051964e+05 6.640397524273954332e+06
2.137197737069423893e+05 6.640841626344315708e+06
2.137639374960149871e+05 6.641065564999808557e+06
2.137940593931039912e+05 6.640223260006655008e+06
2.138771428571428987e+05 6.639680000000000000e+06
2.138810448520251084e+05 6.640055815813376568e+06
2.139072788655438926e+05 6.639801237046199851e+06
2.138919985313510988e+05 6.640283429684400558e+06
2.138796289724938106e+05 6.640383907454879023e+06
2.137694744864235981e+05 6.640767926425359212e+06
2.138171997804364073e+05 6.640956950353504159e+06
2.138240235707162938e+05 6.640850531549652107e+06
2.138651825152611127e+05 6.640754076606350020e+06
2.138717610444136953e+05 6.641971021774357185e+06
2.138937872390573903e+05 6.642265011428211816e+06
2.139181113135587075e+05 6.642351101404350251e+06
2.139942857142857101e+05 6.639680000000000000e+06
2.139909108962765022e+05 6.640263933173448779e+06
2.140103164229750109e+05 6.639781768084333278e+06
2.140065836665510142e+05 6.640165058747277595e+06
2.139474136955701979e+05 6.640881764608942904e+06
2.139396477044642961e+05 6.640977289687966928e+06
2.139303951150552894e+05 6.642069856260890141e+06
2.140267649997817934e+05 6.640940486901748925e+06
2.141013278293288895e+05 6.640872334436100908e+06
2.144264765768829966e+05 6.640813238809070550e+06
2.144945635462831124e+05 6.642385449951223098e+06
2.144936842105262913e+05 6.642550000000000000e+06
2.146022161258686974e+05 6.640875112502064556e+06
2.146971428571428987e+05 6.639680000000000000e+06
2.146543693979996897e+05 6.640674005045628175e+06
2.146741030447579105e+05 6.640793182243526913e+06
2.146799696802138933e+05 6.641199651673489250e+06
2.146734223659400013e+05 6.641321735224323347e+06
2.147653450585454993e+05 6.640709330793924630e+06
2.147291671209454944e+05 6.641094653762737289e+06
2.148011801017744874e+05 6.640395190006661229e+06
2.148813288631160976e+05 6.640175171096684411e+06
2.147590167495784117e+05 6.640618620408828370e+06
2.147514819281465025e+05 6.641282052176077850e+06
2.148065122192520939e+05 6.640538161123676226e+06
2.148248967672697909e+05 6.640900231736126356e+06
2.148039258165684005e+05 6.641160701563406736e+06
2.148083949791280029e+05 6.641029496769888327e+06
2.148520990011362883e+05 6.640455412933582440e+06
2.148716669504613965e+05 6.640643818037206307e+06
2.148526997242477082e+05 6.640764163501736708e+06
2.149580082128864015e+05 6.640248299348815344e+06
2.149609680017842911e+05 6.640135854308782145e+06
2.150004287376909924e+05 6.640344559095888399e+06
2.149232278769314871e+05 6.640548791079033166e+06
2.149314633575553889e+05 6.640814545550912619e+06
2.149041970675415942e+05 6.640984552001906559e+06
2.149596676275653008e+05 6.640711662044965662e+06
2.149391597347393108e+05 6.640900809747319669e+06
2.149523457666173927e+05 6.641731831560046412e+06
2.149914716344515036e+05 6.641414921540576965e+06
2.149984969021771103e+05 6.640535253377602436e+06
2.150101134114360902e+05 6.640782610307481140e+06
2.150370174866798916e+05 6.640862497833083384e+06
2.150248306418702123e+05 6.641142347601301968e+06
2.149678823515821132e+05 6.641503816086497158e+06
2.150340688159707934e+05 6.641229214474757202e+06
2.150327115395634901e+05 6.641628072643646039e+06
2.150251215292428969e+05 6.642254649648941122e+06
2.150470551984095073e+05 6.640062800971450284e+06
2.150712483683291939e+05 6.640191107574179769e+06
2.150615128860746045e+05 6.640271979526961222e+06
2.151262140490917081e+05 6.639809226432181895e+06
2.151062249122021894e+05 6.640337216218872927e+06
2.150631260477771866e+05 6.640413829242171720e+06
2.151378665494718880e+05 6.640031402335353196e+06
2.151716541992643033e+05 6.640238715397048742e+06
2.150721997183490021e+05 6.640708207564945333e+06
2.150805838055220956e+05 6.640514012603726238e+06
2.151012657358114084e+05 6.640917068965516984e+06
2.150691861861016951e+05 6.640991494415528141e+06
2.150840944061476039e+05 6.641313811941489577e+06
2.151018004088384914e+05 6.641064121188529767e+06
2.150514298671396100e+05 6.641525642147989944e+06
2.150372973867433902e+05 6.641783499212227762e+06
2.150281881711893075e+05 6.642056911735283211e+06
2.150868560709732119e+05 6.641708793103448115e+06
2.151291235331220960e+05 6.641187489597238600e+06
2.151084429255292052e+05 6.641428584730283357e+06
2.151824140109046130e+05 6.640416478166547604e+06
2.151349205584542069e+05 6.640991851271104068e+06
2.151598928787962941e+05 6.641356791228587739e+06
2.151422863480107917e+05 6.641613026880486868e+06
2.151278843576780928e+05 6.642075593700991943e+06
2.151448810959614930e+05 6.641951751169213094e+06
2.151847838345199125e+05 6.641510862068965100e+06
2.151837576064351888e+05 6.639926655610061251e+06
2.151797771050921001e+05 6.640320783703981899e+06
2.152195613230133895e+05 6.640106928445241414e+06
2.152212969428453071e+05 6.640004477625739761e+06
2.152844816541062028e+05 6.639927425519911572e+06
2.151668884610965033e+05 6.640870352213398553e+06
2.151943747437309939e+05 6.640939010022007860e+06
2.151978054472492076e+05 6.641264487498182803e+06
2.152062766293761961e+05 6.641133149278499186e+06
2.152225333354776085e+05 6.641033664439176209e+06
2.151935476379210013e+05 6.641420915717942640e+06
2.152025069744405046e+05 6.640802616161873564e+06
2.151822161609129107e+05 6.641727023298099637e+06
2.152136337982859986e+05 6.642347084601451643e+06
2.152145542060305015e+05 6.641582520793538541e+06
2.152168802885285113e+05 6.642007346702373587e+06
2.152453932641641877e+05 6.640864397398800589e+06
2.152344758943427005e+05 6.641350344483338296e+06
2.152674527745175001e+05 6.641449374490035698e+06
2.152670549103920057e+05 6.641205339797675610e+06
2.152883761562530126e+05 6.640772459529325366e+06
2.153104188022137096e+05 6.640694561452684924e+06
2.153019022487608891e+05 6.640936318392986432e+06
2.153094211789167020e+05 6.641121143106326461e+06
2.153131708371716959e+05 6.641301580274596810e+06
2.152453583948645100e+05 6.641653274094429798e+06
2.152625159036834084e+05 6.642241023956526071e+06
2.152857882467267918e+05 6.641552920130274259e+06
2.153099100876316952e+05 6.642163801152351312e+06
2.153074841509216058e+05 6.642401551724137738e+06
2.153245684854731953e+05 6.640122592951715924e+06
2.154000000000000000e+05 6.639778965517242439e+06
2.154000000000000000e+05 6.640075862068965100e+06
2.154000000000000000e+05 6.640174827586206608e+06
2.154000000000000000e+05 6.640273793103448115e+06
2.153184919439718069e+05 6.640525832578394562e+06
2.153234725317682023e+05 6.640842068921389058e+06
2.153263269757847884e+05 6.641398127764862962e+06
2.153271903941963974e+05 6.641028186930626631e+06
2.153424564813438919e+05 6.641213965517242439e+06
2.153347940414047043e+05 6.641490315102879889e+06
2.153141855076418142e+05 6.642024794633837417e+06
2.153238067446206114e+05 6.641627405792528763e+06
2.154000000000000000e+05 6.640471724137931131e+06
2.154000000000000000e+05 6.640570689655172639e+06
2.154000000000000000e+05 6.640768620689654723e+06
2.154000000000000000e+05 6.640669655172414146e+06
2.154000000000000000e+05 6.640867586206896231e+06
2.154000000000000000e+05 6.640966551724137738e+06
2.154000000000000000e+05 6.641065517241379246e+06
2.154000000000000000e+05 6.641362413793103769e+06
2.154000000000000000e+05 6.641164482758620754e+06
2.154000000000000000e+05 6.641263448275862262e+06
2.154000000000000000e+05 6.641461379310345277e+06
2.154000000000000000e+05 6.641560344827585854e+06
2.154000000000000000e+05 6.641659310344827361e+06
2.144982886057461146e+05 6.641777544485364109e+06
2.144955818789810291e+05 6.641771793670503423e+06
2.148494200458372943e+05 6.642343880436431617e+06
2.134381247829966596e+05 6.640516147568707354e+06
2.144875168418044923e+05 6.641778720918755978e+06
2.142808221020913334e+05 6.641703462975607254e+06
2.144037434452000889e+05 6.642239626064470969e+06
2.147471166267577792e+05 6.642213463580881245e+06
2.148106346211597556e+05 6.642304178528789431e+06
2.144058406247167150e+05 6.642096709591015242e+06
2.144759399012706126e+05 6.640588743844665587e+06
2.135120787668488920e+05 6.640603400763836689e+06
2.145853347263716278e+05 6.641383878458709456e+06
2.135095002495875815e+05 6.640428250357796438e+06
2.146364782148095546e+05 6.641871818574721925e+06
