2.129400000000000000e+05 6.639831052631579340e+06
2.130243382691275037e+05 6.639775508763567545e+06
2.129400000000000000e+05 6.639680000000000000e+06
2.129400000000000000e+05 6.639982105263157748e+06
2.130482913930595096e+05 6.639922251080677845e+06
2.129400000000000000e+05 6.640284210526314564e+06
2.130403725130140956e+05 6.640206115818172693e+06
2.129400000000000000e+05 6.640133157894737087e+06
2.130571428571428987e+05 6.639680000000000000e+06
2.130866326936942060e+05 6.640058033093556762e+06
2.130870612286127871e+05 6.640347093706343323e+06
2.129400000000000000e+05 6.640435263157894835e+06
2.129400000000000000e+05 6.640737368421052583e+06
2.130465176880508079e+05 6.640655305311524309e+06
2.129400000000000000e+05 6.640586315789473243e+06
2.129400000000000000e+05 6.641190526315789670e+06
2.130394493999494007e+05 6.641137891546354629e+06
2.129400000000000000e+05 6.641039473684210330e+06
2.130756869461562019e+05 6.640503628858008422e+06
2.130955077755558013e+05 6.640777110562696122e+06
2.129400000000000000e+05 6.640888421052631922e+06
2.130636886946271115e+05 6.640931144436777569e+06
2.129400000000000000e+05 6.641341578947368078e+06
2.130636743202143116e+05 6.641347999466378242e+06
2.129400000000000000e+05 6.641492631578947417e+06
2.129400000000000000e+05 6.641643684210526757e+06
2.130371365612244990e+05 6.641582867408880964e+06
2.129400000000000000e+05 6.641794736842105165e+06
2.130570233154525049e+05 6.641701050306593068e+06
2.129400000000000000e+05 6.642096842105262913e+06
2.130543227189696045e+05 6.642018805802289397e+06
2.129400000000000000e+05 6.641945789473685436e+06
2.129400000000000000e+05 6.642550000000000000e+06
2.130350978569156141e+05 6.642445976526223123e+06
2.129400000000000000e+05 6.642398947368420660e+06
2.130548964235280000e+05 6.642320369192110375e+06
2.129400000000000000e+05 6.642247894736842252e+06
2.131008914852894086e+05 6.641855050925330259e+06
2.131133856772409054e+05 6.642183052007972263e+06
2.130694736842105049e+05 6.642550000000000000e+06
2.131157142857142899e+05 6.639818502815549262e+06
2.131742857142857101e+05 6.639680000000000000e+06
2.131642310491139942e+05 6.640195755586609244e+06
2.132328571428571013e+05 6.639912795939267613e+06
2.132069872136471095e+05 6.640300552074473351e+06
2.131608861208414892e+05 6.640433673264035955e+06
2.131031737086130015e+05 6.641230626731635071e+06
2.130963873506688105e+05 6.641481238703155890e+06
2.131223755948547041e+05 6.641046514503965154e+06
2.131510027322901879e+05 6.641598434783528559e+06
2.131331076991375012e+05 6.642408004829439335e+06
2.131657290720168094e+05 6.640624143732496537e+06
2.132029870483728009e+05 6.640898875624652952e+06
2.131800763173763116e+05 6.641153207895841449e+06
2.131766697020847059e+05 6.641369589842501096e+06
2.132176257067531988e+05 6.640522215838558972e+06
2.131748711332005041e+05 6.641741084627985954e+06
2.131905030076676048e+05 6.642008274524831213e+06
2.131627759631566878e+05 6.642320584714173339e+06
2.131989473684210097e+05 6.642550000000000000e+06
2.132194597935740894e+05 6.639779519299483858e+06
2.132512474565850862e+05 6.640078464891498908e+06
2.132550053864872025e+05 6.640404179371025413e+06
2.132914285714286088e+05 6.639680000000000000e+06
2.133180011110730993e+05 6.639810451899184845e+06
2.133147790446887084e+05 6.640240935245419852e+06
2.133442883923930931e+05 6.639982415059559047e+06
2.133221302884003962e+05 6.639900476423013024e+06
2.132477163421181904e+05 6.640750939793485217e+06
2.132438407480201859e+05 6.641270413095298223e+06
2.132488193522944930e+05 6.641515647743785754e+06
2.132805738571955881e+05 6.640638114071960561e+06
2.132799630364005861e+05 6.641033142073148862e+06
2.132190748806489864e+05 6.641880815135042183e+06
2.132460161663622130e+05 6.641653237618659623e+06
2.132544177512965980e+05 6.642276775606649928e+06
2.132580722645802889e+05 6.642414721934693865e+06
2.132809703547077079e+05 6.641777612653864548e+06
2.132736251831204863e+05 6.642134695923207328e+06
2.132987554004926933e+05 6.641159713961802423e+06
2.132965342083992145e+05 6.641391232627967373e+06
2.133470468525966862e+05 6.640536526543073356e+06
2.133536935374400055e+05 6.640867750111315399e+06
2.133331328543520940e+05 6.641911112149157561e+06
2.133768139824630925e+05 6.641641613973761909e+06
2.133201981109704066e+05 6.642033327038553543e+06
2.133284210526316019e+05 6.642550000000000000e+06
2.133609812888310989e+05 6.642227932216973975e+06
2.133403785589277104e+05 6.642344989886053838e+06
2.133693275692755997e+05 6.640091126594022848e+06
2.133802057124736020e+05 6.640389597895958461e+06
2.134085714285713912e+05 6.639680000000000000e+06
2.134127185811884992e+05 6.639898209322025999e+06
2.134633655803874135e+05 6.639798420693447813e+06
2.134265638980630902e+05 6.640285192574061453e+06
2.134678123026404937e+05 6.640175225698706694e+06
2.134774493160516140e+05 6.640013417187525891e+06
2.134732559443950013e+05 6.640348004607005976e+06
2.133878067621281953e+05 6.640699644657786936e+06
2.133856181288677908e+05 6.641306370913561434e+06
2.133789431115596963e+05 6.641095845050570555e+06
2.134087012835638889e+05 6.641473894756386988e+06
2.134287344065255893e+05 6.641005479055636562e+06
2.133858065263295139e+05 6.642448676420184784e+06
2.134235192326822144e+05 6.641791618283473887e+06
2.134237617506991955e+05 6.641975557452680543e+06
2.134190538713198039e+05 6.642078931291255169e+06
2.134611177941753995e+05 6.640803061850459315e+06
2.134488825959599053e+05 6.641168648863989860e+06
2.134809480364221090e+05 6.640461446192733012e+06
2.134973474339059030e+05 6.640597587133514695e+06
2.134744392500151007e+05 6.640899769466627389e+06
2.134911325784916116e+05 6.641386837577223778e+06
2.134426149636009941e+05 6.642356843251764774e+06
2.134578947368421068e+05 6.642550000000000000e+06
2.134914535346062912e+05 6.641898606505312957e+06
2.134927530761291855e+05 6.641589699119929224e+06
2.134718404304445139e+05 6.642213571499705315e+06
2.135257142857142899e+05 6.639680000000000000e+06
2.135121758155591087e+05 6.639898968341981061e+06
2.135104037291576096e+05 6.640265086034024134e+06
2.135842857142857101e+05 6.639817243178014643e+06
2.135849934948059090e+05 6.640092702093770728e+06
2.135681583458583918e+05 6.640338700338252820e+06
2.135819357679093082e+05 6.640211487283983268e+06
2.136230598858821904e+05 6.639967551328891888e+06
2.135332319700582884e+05 6.640717415813532658e+06
2.135152131561251881e+05 6.641080887673625723e+06
2.135463742723260075e+05 6.641285016150932759e+06
2.135790452073270862e+05 6.640844420433646068e+06
2.135496053046073066e+05 6.640978135882078670e+06
2.135715648023835965e+05 6.641487728899741545e+06
2.135185281805694103e+05 6.641706720082815737e+06
2.134894331324470113e+05 6.642461836011298001e+06
2.135540039621490869e+05 6.641990602750709280e+06
2.135414653912454087e+05 6.641808792720650323e+06
2.135619830568255857e+05 6.642097035623044707e+06
2.135203530974547029e+05 6.642306762828052975e+06
2.135728928930523107e+05 6.642409704800765961e+06
2.136104132405930141e+05 6.640496804711737670e+06
2.135971063651765871e+05 6.641176581840963103e+06
2.136325532738828042e+05 6.640627668121805415e+06
2.136345274264737091e+05 6.641374150603569113e+06
2.136358333562755142e+05 6.641071758702946827e+06
2.135881571316659101e+05 6.641638537886939943e+06
2.135873684210526117e+05 6.642550000000000000e+06
2.136096920149000944e+05 6.642273550078224391e+06
2.135860298383602931e+05 6.642181837906322442e+06
2.136371952834679105e+05 6.641857870159408078e+06
2.136543751223937143e+05 6.641714533622313291e+06
2.136428571428571013e+05 6.639680000000000000e+06
2.136835755331242108e+05 6.640277867286656983e+06
2.137043819969200122e+05 6.639784899399958551e+06
2.136791542569787125e+05 6.640167264448083006e+06
2.136945209242633136e+05 6.639883680722142570e+06
2.136942246311795025e+05 6.640064989414208569e+06
2.136964998836051964e+05 6.640397524273954332e+06
2.137600000000000000e+05 6.639680000000000000e+06
2.137725655385733116e+05 6.639986637303331867e+06
2.136681641998862033e+05 6.640739010883457959e+06
2.136769452716362139e+05 6.640958710354263894e+06
2.137031266752546071e+05 6.641267616805628873e+06
2.137077041489871917e+05 6.641152604067892767e+06
2.136832159947940090e+05 6.641469911627000198e+06
2.136651773110613867e+05 6.642000578137329780e+06
2.136828972938143997e+05 6.641577424048567191e+06
2.137006038512708037e+05 6.642143194424311630e+06
2.136693697192329855e+05 6.642354110144866630e+06
2.136843939172353130e+05 6.642444992335185409e+06
2.137241048214223119e+05 6.640528303297556005e+06
2.137197737069423893e+05 6.640841626344315708e+06
2.137702284393117880e+05 6.640654386743019335e+06
2.137639374960149871e+05 6.641065564999808557e+06
2.137631872846847982e+05 6.641399319732237607e+06
2.137168421052630874e+05 6.642550000000000000e+06
2.137574487762511126e+05 6.642267589620765299e+06
2.137865961235208961e+05 6.641776532153100707e+06
2.137778028525664122e+05 6.641923067789400928e+06
2.137639031666133087e+05 6.641510934850886464e+06
2.137537790454761125e+05 6.642365950019364245e+06
2.137883114856554021e+05 6.639862072400513105e+06
2.137877074517305882e+05 6.640110935948789120e+06
2.137940593931039912e+05 6.640223260006655008e+06
2.137893012220202945e+05 6.640335536036522128e+06
2.138074230410523887e+05 6.639761641769334674e+06
2.138771428571428987e+05 6.639680000000000000e+06
2.138894653691452113e+05 6.639940432773832232e+06
2.138810448520251084e+05 6.640055815813376568e+06
2.139072788655438926e+05 6.639801237046199851e+06
2.139082207857297908e+05 6.640166338139415719e+06
2.138919985313510988e+05 6.640283429684400558e+06
2.138796289724938106e+05 6.640383907454879023e+06
2.137694744864235981e+05 6.640767926425359212e+06
2.137900450184434012e+05 6.640447227512587793e+06
2.138171997804364073e+05 6.640956950353504159e+06
2.138385168522144086e+05 6.641181497990115546e+06
2.138448890726972022e+05 6.640546208422229625e+06
2.138240235707162938e+05 6.640850531549652107e+06
2.138141784587342117e+05 6.641294556273178197e+06
2.138270353543224046e+05 6.641630606689428911e+06
2.137892051122057019e+05 6.642053441888195463e+06
2.138217903447097924e+05 6.642435807111104950e+06
2.138561486547268869e+05 6.642154728487142362e+06
2.138283178275759856e+05 6.642334839478492737e+06
2.138651825152611127e+05 6.640754076606350020e+06
2.138699586367318116e+05 6.641471348006227985e+06
2.138866955808234052e+05 6.641355970194701105e+06
2.138809340403843962e+05 6.640655364871696569e+06
2.139028537996232917e+05 6.641070150336075574e+06
2.139009282860620879e+05 6.641261405381687917e+06
2.138717610444136953e+05 6.641971021774357185e+06
2.138984748361525126e+05 6.641873229570928030e+06
2.138463157894737087e+05 6.642550000000000000e+06
2.139218888466336066e+05 6.641769823009493761e+06
2.138937872390573903e+05 6.642265011428211816e+06
2.139181113135587075e+05 6.642351101404350251e+06
2.139942857142857101e+05 6.639680000000000000e+06
2.139736473940713913e+05 6.640044310257247649e+06
2.139970055193520093e+05 6.640375988923998550e+06
2.140025079730523867e+05 6.639895174238998443e+06
2.139909108962765022e+05 6.640263933173448779e+06
2.140103164229750109e+05 6.639781768084333278e+06
2.140065836665510142e+05 6.640165058747277595e+06
2.139388910827033105e+05 6.640481045810017735e+06
2.139474136955701979e+05 6.640881764608942904e+06
2.139396477044642961e+05 6.640977289687966928e+06
2.139804924664210994e+05 6.640608506669452414e+06
2.139800568970982858e+05 6.640758802059954964e+06
2.139596026569496898e+05 6.641192750427773222e+06
2.139587629718875105e+05 6.641426376791485585e+06
2.139701782471254119e+05 6.641556503520278260e+06
2.139303951150552894e+05 6.642069856260890141e+06
2.139232809538574074e+05 6.642459454210271128e+06
2.139419344636253081e+05 6.641662888696081936e+06
2.139892730802730948e+05 6.641962485137139447e+06
2.139955780910438916e+05 6.642188120896802284e+06
2.139757894736842136e+05 6.642550000000000000e+06
2.140032894834617036e+05 6.641305670043795370e+06
2.140084680923071865e+05 6.641026857669577003e+06
2.140465451744491875e+05 6.640498829177980311e+06
2.140267649997817934e+05 6.640940486901748925e+06
2.140352747959668923e+05 6.641121890242036432e+06
2.140435270695073996e+05 6.641836447562076151e+06
2.140087825617741910e+05 6.642299319777382538e+06
2.140378563941062894e+05 6.641699607696468942e+06
2.140636929112951912e+05 6.641442392192425206e+06
2.140543978478605859e+05 6.642410362535901368e+06
2.140449748816986103e+05 6.642065734375209548e+06
2.140677353016306879e+05 6.639984295629841276e+06
2.140609345779769938e+05 6.640096422991486266e+06
2.141114285714286088e+05 6.639680000000000000e+06
2.141170547965262958e+05 6.639829011364006437e+06
2.141075825722730078e+05 6.640196445346880704e+06
2.141177381476358860e+05 6.640312120911159553e+06
2.140893245178023935e+05 6.639914939255126752e+06
2.141263871207693883e+05 6.640029386161537841e+06
2.141096393205224012e+05 6.640423528974082321e+06
2.141700000000000000e+05 6.639951275787659921e+06
2.142068786034698132e+05 6.640085550237162970e+06
2.141013278293288895e+05 6.640872334436100908e+06
2.140933109121035086e+05 6.640722756151713431e+06
2.140767941973108100e+05 6.641239095677851699e+06
2.140889386958460091e+05 6.640603007751507685e+06
2.141295423184180108e+05 6.641035414167373441e+06
2.140973539818031131e+05 6.641329698648995720e+06
2.141112958892156894e+05 6.641598275140102953e+06
2.141241884692538879e+05 6.641956302057443187e+06
2.141065104375719093e+05 6.642149592773758806e+06
2.141224701390769915e+05 6.642274138738675974e+06
2.141052631578946894e+05 6.642550000000000000e+06
2.141700884607582120e+05 6.640533654789188877e+06
2.141265038016001927e+05 6.641160442129001021e+06
2.141560200112379971e+05 6.640649869530584663e+06
2.141764110488081060e+05 6.640816183423629031e+06
2.141514442999506136e+05 6.641396366694737226e+06
2.141767908896736044e+05 6.641281363717358559e+06
2.141696560207121074e+05 6.641492982478214428e+06
2.141304721379714902e+05 6.641738435065251775e+06
2.141462160742807901e+05 6.642067237842226401e+06
2.141962402744590945e+05 6.641820157418401912e+06
2.141519717372932064e+05 6.642461006253406405e+06
2.142117578083571861e+05 6.642383166319275275e+06
2.141888163750956883e+05 6.639756390984239057e+06
2.142089675576179870e+05 6.640419054456363432e+06
2.142183551302037085e+05 6.640209302274552174e+06
2.142285714285713912e+05 6.639680000000000000e+06
2.142479240393945947e+05 6.639831074628562666e+06
2.142483977192610910e+05 6.640317115338128060e+06
2.142871428571428987e+05 6.639747010631894693e+06
2.142938188487456064e+05 6.639975872771873139e+06
2.142776719244174892e+05 6.640145270602408797e+06
2.143460264835295093e+05 6.640080303651776165e+06
2.143394274804668094e+05 6.640205926246142946e+06
2.143376533305942139e+05 6.640413454240442254e+06
2.142077830378403014e+05 6.640732594911383465e+06
2.142217861337937939e+05 6.640934757366616279e+06
2.142340555933484866e+05 6.641166887137708254e+06
2.142450354075141076e+05 6.640637124041270465e+06
2.142723819109637116e+05 6.641064643470354378e+06
2.142517296030544967e+05 6.641396578885051422e+06
2.142052554948455945e+05 6.641669874956263229e+06
2.141921495931833051e+05 6.641580146269881167e+06
2.142271853961111046e+05 6.642166079865619540e+06
2.142359659754731110e+05 6.642025175838580355e+06
2.142347368421053106e+05 6.642550000000000000e+06
2.142437104999033909e+05 6.641923881981234998e+06
2.142502689142902091e+05 6.642276987383184955e+06
2.142876376234359050e+05 6.640523908393636346e+06
2.142578473309740075e+05 6.640818474252330139e+06
2.142911479562825116e+05 6.641266914168136194e+06
2.143214720320799097e+05 6.640741865118639544e+06
2.143318761189091892e+05 6.640862868322026916e+06
2.143189881380966108e+05 6.640964250791185535e+06
2.142823909679600038e+05 6.641559452504945919e+06
2.143059156360166962e+05 6.641714972707300447e+06
2.142875622917156143e+05 6.642463670587245375e+06
2.143420243986189889e+05 6.641840729634143412e+06
2.143367309188339859e+05 6.641976500946052372e+06
2.143330431272726855e+05 6.642100145244632848e+06
2.143198736100360984e+05 6.642208735092800111e+06
2.143584583968791121e+05 6.642321464442922734e+06
2.143457142857142899e+05 6.639680000000000000e+06
2.143752440026552940e+05 6.639780069806205109e+06
2.143759099030522048e+05 6.639892104564936832e+06
2.143499982124532107e+05 6.640313399464116432e+06
2.144297257033018104e+05 6.640017874102807604e+06
2.144602825705884025e+05 6.640153328081676736e+06
2.144381305708092113e+05 6.640254127902716398e+06
2.144363581191434932e+05 6.640348423054716550e+06
2.144628571428571013e+05 6.639680000000000000e+06
2.144764800957196858e+05 6.639817019170730375e+06
2.143564853107852978e+05 6.640624905293348245e+06
2.143565652594678104e+05 6.641161005198980682e+06
2.143433642457752139e+05 6.641350870121772401e+06
2.143561248574629135e+05 6.641448428097532131e+06
2.144075956733456987e+05 6.640515257541204803e+06
2.143700571117966902e+05 6.641033219124489464e+06
2.143852838378133893e+05 6.641275351563026197e+06
2.143642105263157864e+05 6.642550000000000000e+06
2.143769657615371980e+05 6.641629061216372997e+06
2.143937788155850139e+05 6.641544081836971454e+06
2.143988394150194945e+05 6.640925765672441572e+06
2.144264765768829966e+05 6.640813238809070550e+06
2.144348828162082937e+05 6.640705946148245595e+06
2.144461562246193062e+05 6.640431241667589173e+06
2.144756898947047885e+05 6.640601783088278957e+06
2.144556077132410137e+05 6.641078895684336312e+06
2.144539579452096950e+05 6.641359637613981962e+06
2.144751341856009967e+05 6.640982263554216363e+06
2.144787653341087862e+05 6.641230010735328309e+06
2.144034895860555116e+05 6.641727062561931089e+06
2.144454323379154084e+05 6.641927136982357129e+06
2.144304122156272933e+05 6.642178998527641408e+06
2.143996957943440066e+05 6.642454116996278055e+06
2.144327305486931000e+05 6.642041369101529010e+06
2.144547310280627862e+05 6.641825458313539624e+06
2.144896781500822981e+05 6.641501185025117360e+06
2.144673250781933893e+05 6.641632968710618094e+06
2.144945635462831124e+05 6.642385449951223098e+06
2.144868591928005044e+05 6.639930474032140337e+06
2.145130863687971141e+05 6.640289634813012555e+06
2.145350994788575917e+05 6.640034988044708036e+06
2.145353129259512061e+05 6.640210945591152646e+06
2.145467614136968041e+05 6.640381215843279846e+06
2.145533225334036106e+05 6.639761235828118399e+06
2.145993900461040903e+05 6.639855057069636881e+06
2.145800000000000000e+05 6.639680000000000000e+06
2.145873264163954882e+05 6.640131755503658205e+06
2.145829791994790139e+05 6.639954460956588387e+06
2.145018452707524993e+05 6.640880023350227624e+06
2.145197518686704861e+05 6.640496596958737820e+06
2.145498272899686999e+05 6.640789590123892762e+06
2.145382449997611111e+05 6.640672991257653572e+06
2.145294623920386948e+05 6.641316866521194577e+06
2.144866927187735855e+05 6.641747431179148145e+06
2.144883209270162915e+05 6.642276820701348595e+06
2.144936842105262913e+05 6.642550000000000000e+06
2.145641889722385968e+05 6.642025198394592851e+06
2.145556290404112951e+05 6.641893876454470679e+06
2.145157342672286904e+05 6.642111461673432030e+06
2.145733498981976882e+05 6.641038526932752691e+06
2.145718293660678028e+05 6.641154466298705898e+06
2.145495358880909916e+05 6.640946180208398029e+06
2.145848557694485935e+05 6.641406443710206077e+06
2.145837409663118888e+05 6.640581127576845698e+06
2.146022161258686974e+05 6.640875112502064556e+06
2.146002705193875881e+05 6.641271374025261961e+06
2.145574608640710067e+05 6.641603890396688133e+06
2.145577256471303117e+05 6.641696882319614291e+06
2.145599732535355142e+05 6.641796518497540615e+06
2.145593470291293052e+05 6.642196013091080822e+06
2.145720345358494087e+05 6.642318307387759909e+06
2.145925428963651939e+05 6.642443352187792771e+06
2.146347782833864912e+05 6.639761051594273187e+06
2.146319318436832982e+05 6.640253433428335935e+06
2.146615425175844866e+05 6.640004594795475714e+06
2.146801362465503043e+05 6.639915359052779153e+06
2.146583087668376975e+05 6.640373137230833061e+06
2.146971428571428987e+05 6.639680000000000000e+06
2.147362542307298863e+05 6.639818223441246897e+06
2.146997891617080895e+05 6.640133243080598302e+06
2.147286571624786884e+05 6.640229841712738387e+06
2.147569366993038857e+05 6.640321160764049739e+06
2.146208752418248041e+05 6.640473769203804433e+06
2.146543693979996897e+05 6.640674005045628175e+06
2.146253268323194934e+05 6.640949617974952795e+06
2.146741030447579105e+05 6.640793182243526913e+06
2.146454323880909069e+05 6.641103092370042577e+06
2.146799696802138933e+05 6.641199651673489250e+06
2.146734223659400013e+05 6.641321735224323347e+06
2.146375345074090001e+05 6.641527696666905656e+06
2.146342258318673121e+05 6.641650620270086452e+06
2.146429441061306861e+05 6.641750672585059889e+06
2.146564890701782133e+05 6.641845531053797342e+06
2.146445836421902059e+05 6.642126533078051172e+06
2.146231578947369126e+05 6.642550000000000000e+06
2.146450089380959107e+05 6.642254086374598555e+06
2.146680358870553900e+05 6.641941570463107899e+06
2.146524238782068132e+05 6.642354122020516545e+06
2.146869706800635031e+05 6.640568455526514910e+06
2.147011893223430088e+05 6.640887461461162195e+06
2.147003429270969937e+05 6.641000808770384640e+06
2.147052083824893925e+05 6.641402943941137753e+06
2.147324803513303923e+05 6.640444258413033560e+06
2.147653450585454993e+05 6.640709330793924630e+06
2.147291671209454944e+05 6.641094653762737289e+06
2.146833323585678008e+05 6.642040508874109946e+06
2.147108616924431117e+05 6.642445695818061940e+06
2.147280525987755100e+05 6.641623882306768559e+06
2.147203052454146091e+05 6.641714468673170544e+06
2.147372346404145937e+05 6.641796535488253459e+06
2.147709307807321020e+05 6.641889501998758875e+06
2.147350922856685938e+05 6.642194994735907763e+06
2.147384391435763100e+05 6.642301776192283258e+06
2.147454193686388899e+05 6.642104639594425447e+06
2.147526315789473883e+05 6.642550000000000000e+06
2.147706928961939120e+05 6.639946656662439927e+06
2.147716036513352010e+05 6.640047498775986023e+06
2.148045946871188062e+05 6.639764630448321812e+06
2.147917556853289134e+05 6.640127084934797138e+06
2.148011801017744874e+05 6.640395190006661229e+06
2.148111912396358966e+05 6.640206849089511670e+06
2.148142857142857101e+05 6.639680000000000000e+06
2.148558705481938086e+05 6.639905604835282080e+06
2.148527347423555912e+05 6.640002225280989893e+06
2.148737947729896987e+05 6.639814028347807005e+06
2.148655008935073856e+05 6.640091005779885687e+06
2.148618626318732859e+05 6.640270731744959019e+06
2.148849255868885957e+05 6.640353774071798660e+06
2.148813288631160976e+05 6.640175171096684411e+06
2.147590167495784117e+05 6.640618620408828370e+06
2.147653415412172908e+05 6.640816261037711985e+06
2.147514819281465025e+05 6.641282052176077850e+06
2.148065122192520939e+05 6.640538161123676226e+06
2.148248967672697909e+05 6.640900231736126356e+06
2.148039258165684005e+05 6.641160701563406736e+06
2.148083949791280029e+05 6.641029496769888327e+06
2.148156364180883975e+05 6.641383986944475211e+06
2.147655279249185987e+05 6.641505718739788048e+06
2.147882971448744065e+05 6.642003420626278035e+06
2.148111915809653874e+05 6.641724909769411199e+06
2.148278019886160910e+05 6.642405378040196374e+06
2.148520990011362883e+05 6.640455412933582440e+06
2.148716669504613965e+05 6.640643818037206307e+06
2.148526997242477082e+05 6.640764163501736708e+06
2.148643751061705116e+05 6.641278945146426558e+06
2.149017370354110899e+05 6.641089293899974786e+06
2.148883508666933922e+05 6.641481764187235385e+06
2.148262400453040900e+05 6.641601433820103295e+06
2.148663037677955872e+05 6.641826176857694983e+06
2.148390125964980107e+05 6.642124184025069699e+06
2.148357896730416105e+05 6.642254176716879010e+06
2.149159655595537915e+05 6.641923981452866457e+06
2.148821052631578932e+05 6.642550000000000000e+06
2.148897253974794876e+05 6.642022499650762416e+06
2.149314285714286088e+05 6.639680000000000000e+06
2.149266983432169945e+05 6.639963695199921727e+06
2.149402599975480989e+05 6.640044395540555008e+06
2.149809724186192907e+05 6.639882760541007854e+06
2.149580082128864015e+05 6.640248299348815344e+06
2.149609680017842911e+05 6.640135854308782145e+06
2.149915687486715033e+05 6.639771005420795642e+06
2.150019609425924136e+05 6.639975389392112382e+06
2.150004287376909924e+05 6.640344559095888399e+06
2.149699244413597044e+05 6.640450700343703851e+06
2.149232278769314871e+05 6.640548791079033166e+06
2.149314633575553889e+05 6.640814545550912619e+06
2.149041970675415942e+05 6.640984552001906559e+06
2.149085799046120956e+05 6.641367213585885242e+06
2.149292719671755040e+05 6.641192437382718548e+06
2.149596676275653008e+05 6.640711662044965662e+06
2.149391597347393108e+05 6.640900809747319669e+06
2.148824375153139990e+05 6.641665459818433039e+06
2.149363148987485911e+05 6.642197984210168011e+06
2.149287894722328929e+05 6.642320586259371601e+06
2.149523457666173927e+05 6.641731831560046412e+06
2.149402770380438888e+05 6.641592936470187269e+06
2.149293627231412975e+05 6.642445402726055123e+06
2.149505362842387112e+05 6.642093155333944596e+06
2.150114579017428914e+05 6.640620172413793392e+06
2.149716437072072004e+05 6.641298108341297135e+06
2.149982386478892004e+05 6.641038290867783129e+06
2.149914716344515036e+05 6.641414921540576965e+06
2.149984969021771103e+05 6.640535253377602436e+06
2.150101134114360902e+05 6.640782610307481140e+06
2.150370174866798916e+05 6.640862497833083384e+06
2.150097055795151100e+05 6.640946139784705825e+06
2.150248306418702123e+05 6.641142347601301968e+06
2.149678823515821132e+05 6.641503816086497158e+06
2.150340688159707934e+05 6.641229214474757202e+06
2.149937571508930996e+05 6.641861865746754222e+06
2.149654743466257059e+05 6.642010861292953603e+06
2.150115789473683981e+05 6.642550000000000000e+06
2.150327115395634901e+05 6.641628072643646039e+06
2.150429563206672901e+05 6.641957758291910402e+06
2.150183460206069867e+05 6.642365926213989034e+06
2.150251215292428969e+05 6.642254649648941122e+06
2.150296388709789899e+05 6.642147097095283680e+06
2.150485714285713912e+05 6.639680000000000000e+06
2.150470551984095073e+05 6.640062800971450284e+06
2.150712483683291939e+05 6.640191107574179769e+06
2.150615128860746045e+05 6.640271979526961222e+06
2.151262140490917081e+05 6.639809226432181895e+06
2.150884326054113044e+05 6.639938936040623114e+06
2.151062249122021894e+05 6.640337216218872927e+06
2.150631260477771866e+05 6.640413829242171720e+06
2.151229595730851870e+05 6.640120030839569867e+06
2.151657142857142899e+05 6.639680000000000000e+06
2.151378665494718880e+05 6.640031402335353196e+06
2.151716541992643033e+05 6.640238715397048742e+06
2.150721997183490021e+05 6.640708207564945333e+06
2.150805838055220956e+05 6.640514012603726238e+06
2.151012657358114084e+05 6.640917068965516984e+06
2.150691861861016951e+05 6.640991494415528141e+06
2.150840944061476039e+05 6.641313811941489577e+06
2.151018004088384914e+05 6.641064121188529767e+06
2.150514298671396100e+05 6.641525642147989944e+06
2.150372973867433902e+05 6.641783499212227762e+06
2.150281881711893075e+05 6.642056911735283211e+06
2.150165262997970858e+05 6.642448826725396328e+06
2.150868560709732119e+05 6.641708793103448115e+06
2.151139685080292111e+05 6.641832779968491755e+06
2.151068175080716901e+05 6.642433977961539291e+06
2.151216834838610084e+05 6.640805100990430452e+06
2.151321864965507120e+05 6.640621240479484200e+06
2.151291235331220960e+05 6.641187489597238600e+06
2.151084429255292052e+05 6.641428584730283357e+06
2.151824140109046130e+05 6.640416478166547604e+06
2.151349205584542069e+05 6.640991851271104068e+06
2.151598928787962941e+05 6.641356791228587739e+06
2.151422863480107917e+05 6.641613026880486868e+06
2.151097879847763106e+05 6.642204287942371331e+06
2.151278843576780928e+05 6.642075593700991943e+06
2.151097361763667141e+05 6.642313091592735611e+06
2.151448810959614930e+05 6.641951751169213094e+06
2.151847838345199125e+05 6.641510862068965100e+06
2.151410526315789903e+05 6.642550000000000000e+06
2.151837576064351888e+05 6.639926655610061251e+06
2.151797771050921001e+05 6.640320783703981899e+06
2.152262812139799935e+05 6.639764998013379052e+06
2.152195613230133895e+05 6.640106928445241414e+06
2.152228134909445944e+05 6.639850981383280829e+06
2.152212969428453071e+05 6.640004477625739761e+06
2.152567923143492080e+05 6.640323275862068869e+06
2.152828571428571013e+05 6.639680000000000000e+06
2.152933329311097041e+05 6.639826601340871304e+06
2.152844816541062028e+05 6.639927425519911572e+06
2.153010612067903858e+05 6.640223000419318676e+06
2.153022198975622887e+05 6.640032346238845959e+06
2.151962761396637943e+05 6.640719137931034900e+06
2.151668884610965033e+05 6.640870352213398553e+06
2.152125746630443027e+05 6.640537925899993628e+06
2.151943747437309939e+05 6.640939010022007860e+06
2.151978054472492076e+05 6.641264487498182803e+06
2.152062766293761961e+05 6.641133149278499186e+06
2.152225333354776085e+05 6.641033664439176209e+06
2.151935476379210013e+05 6.641420915717942640e+06
2.152025069744405046e+05 6.640802616161873564e+06
2.152242977848651062e+05 6.640637792611675337e+06
2.151822161609129107e+05 6.641727023298099637e+06
2.152002198376618908e+05 6.641886070611937903e+06
2.151804927257749951e+05 6.642266342564057559e+06
2.152034249642695067e+05 6.642175844673730433e+06
2.152136337982859986e+05 6.642347084601451643e+06
2.152145542060305015e+05 6.641582520793538541e+06
2.152263179309123952e+05 6.641806376671867445e+06
2.152168802885285113e+05 6.642007346702373587e+06
2.152198602848906012e+05 6.642463376995119266e+06
2.152453932641641877e+05 6.640864397398800589e+06
2.152344758943427005e+05 6.641350344483338296e+06
2.152674527745175001e+05 6.641449374490035698e+06
2.152670549103920057e+05 6.641205339797675610e+06
2.153003504520703864e+05 6.640424868038133718e+06
2.152883761562530126e+05 6.640772459529325366e+06
2.153024058823781088e+05 6.640610490492387675e+06
2.153104188022137096e+05 6.640694561452684924e+06
2.153019022487608891e+05 6.640936318392986432e+06
2.153094211789167020e+05 6.641121143106326461e+06
2.153131708371716959e+05 6.641301580274596810e+06
2.152453583948645100e+05 6.641653274094429798e+06
2.152504166961536102e+05 6.642089921663431451e+06
2.152625159036834084e+05 6.642241023956526071e+06
2.152705263157894951e+05 6.642550000000000000e+06
2.152857882467267918e+05 6.641552920130274259e+06
2.152985677289124869e+05 6.641726193593445234e+06
2.152828521414351126e+05 6.641941940078225918e+06
2.153122748710770975e+05 6.641851689090297557e+06
2.153099100876316952e+05 6.642163801152351312e+06
2.153074841509216058e+05 6.642401551724137738e+06
2.153198235687949054e+05 6.639752934729612432e+06
2.153245684854731953e+05 6.640122592951715924e+06
2.153369450817297911e+05 6.640323275862068869e+06
2.154000000000000000e+05 6.639877931034483016e+06
2.154000000000000000e+05 6.639976896551725455e+06
2.154000000000000000e+05 6.639680000000000000e+06
2.154000000000000000e+05 6.639778965517242439e+06
2.154000000000000000e+05 6.640075862068965100e+06
2.154000000000000000e+05 6.640174827586206608e+06
2.154000000000000000e+05 6.640273793103448115e+06
2.154000000000000000e+05 6.640372758620689623e+06
2.153184919439718069e+05 6.640525832578394562e+06
2.153234725317682023e+05 6.640842068921389058e+06
2.153263269757847884e+05 6.641398127764862962e+06
2.153271903941963974e+05 6.641028186930626631e+06
2.153424564813438919e+05 6.641213965517242439e+06
2.153347940414047043e+05 6.641490315102879889e+06
2.153141855076418142e+05 6.642024794633837417e+06
2.153238067446206114e+05 6.641627405792528763e+06
2.153167267705782142e+05 6.642318966539181769e+06
2.153227786507132114e+05 6.642484184126720764e+06
2.153356556823663122e+05 6.642095197253824212e+06
2.154000000000000000e+05 6.642253103448274545e+06
2.154000000000000000e+05 6.640471724137931131e+06
2.154000000000000000e+05 6.640570689655172639e+06
2.154000000000000000e+05 6.640768620689654723e+06
2.154000000000000000e+05 6.640669655172414146e+06
2.154000000000000000e+05 6.640867586206896231e+06
2.154000000000000000e+05 6.640966551724137738e+06
2.154000000000000000e+05 6.641065517241379246e+06
2.154000000000000000e+05 6.641362413793103769e+06
2.154000000000000000e+05 6.641164482758620754e+06
2.154000000000000000e+05 6.641263448275862262e+06
2.154000000000000000e+05 6.641461379310345277e+06
2.154000000000000000e+05 6.641560344827585854e+06
2.154000000000000000e+05 6.641659310344827361e+06
2.154000000000000000e+05 6.641758275862068869e+06
2.154000000000000000e+05 6.641956206896551885e+06
2.154000000000000000e+05 6.642550000000000000e+06
2.154000000000000000e+05 6.642352068965516984e+06
2.154000000000000000e+05 6.642451034482757561e+06
2.154000000000000000e+05 6.642055172413793392e+06
2.154000000000000000e+05 6.642154137931034900e+06
2.154000000000000000e+05 6.641857241379310377e+06
