1.795192819848523413e-03
8.458624381784211721e+00
1.441259149123197858e+00
2.922919246941546589e-04
2.155793449718068189e+00
1.956416695976699671e+01
1.054329849749770176e+00
3.650891281239410091e-04
3.915994725560571510e+01
-1.543639076611363237e+00
-7.308938364646287766e+00
1.349020520097294451e+01
2.717866738350949163e-04
2.642297373683909711e+00
5.164128302155290839e-04
1.321922944607933914e-02
2.044034491934866082e+00
-1.126802765526235817e-03
-1.150936391315418206e+01
1.887672658276649429e+00
-1.449673108965043866e-03
2.071462187675102484e+00
4.044538755238136218e-03
-3.298509683518737745e+00
1.861111908570478590e-01
-1.662596609187126262e+00
3.360794200895917072e+00
7.189590718326144270e-05
4.111141653981164268e+00
1.427840169038638862e+01
5.528235211801309390e+00
1.516997446060486254e-05
4.838293524061823803e+01
3.766455184993979088e+01
4.100770266828966015e+01
3.700482105462544524e+01
2.006932342489853482e+01
-4.176586537167850111e-01
3.552588345959323135e+01
3.885698968700037881e+01
1.283248467434328077e+01
2.956476401547780597e+01
-1.478393252969922855e-02
-4.854722655584843949e+00
3.751345391464191437e-01
3.769300038020155341e+00
6.852818301057730821e+00
-5.855848424746454839e-01
-7.713750725818940168e+00
-2.722468209574635978e+00
1.043584172594449200e+01
8.124403891065192340e+00
1.522767085570496803e+01
1.372447972768831193e+01
7.102013474900687129e+00
1.470277217383724633e+00
4.631659480378779392e+00
-1.077826535117623052e-01
1.242046707742895961e+01
1.974028477931710768e-03
1.630792749170770861e+01
8.268373877937591487e-01
2.063624574422409097e+00
2.890389905264786563e+01
3.727075994412246018e+00
5.785156376161193492e-01
-2.978049525506740736e+00
-4.713248819888704588e-02
1.066671023052650824e+01
1.956060599555143398e+01
-6.498579382807974980e+00
-9.615909142087510020e+00
1.383296994120637535e+01
2.207108947874630189e+00
-1.361242479500219815e+00
-6.644120885776331420e+00
-8.452012657507644633e+00
9.362037729320412893e+00
9.599803289074984036e-01
1.066899267816881292e+01
2.117569555700249850e+00
-1.219594822480419083e+01
4.656653080994601623e+01
4.063897265404250447e+00
5.633504220630101145e-01
-2.676585955479282575e-01
-2.254669481674653753e-01
2.888622072856534828e-01
-2.416587986660967147e+01
-5.754625228087782318e+00
1.225887162058372759e+01
8.919759320230165045e+00
-5.188185459968455149e-01
2.892470889469803907e+00
2.244885411606642123e+00
-6.091560134467709275e+00
-4.511710812463988418e+00
2.747135012870526793e+01
8.896620905165333326e+00
8.087554825953091608e+00
-4.314971911141832095e+00
4.293784060121616619e+00
2.527298237880903464e+00
3.833649146868395974e+00
5.880226265206665914e+00
1.746691150557282413e-01
2.294480581378302020e+00
4.723676363611195939e+01
4.431963711420380037e+00
2.133551034151164671e+01
2.100473744380566288e+01
3.281078446533730641e+01
5.116915342272758238e+00
1.109370510131952869e-01
3.320575431119143417e+01
-7.284046285921881747e+00
2.897545537922191272e+00
-2.152413133320862926e-01
4.805355053204948490e+00
-7.645121893865791662e-01
-5.068352353541669686e-01
1.111323865537832845e+01
1.827654062374111987e+00
1.556241625145922569e+00
-1.243092919660682583e+00
1.762904860450331057e+01
2.880248080696835444e+01
-1.171658679230716871e+00
-5.358053853360203789e+00
-9.232366496291994906e-01
-1.463291946523348486e+00
2.731996266789998629e+00
9.742750601352831552e+00
2.099240717168180481e+01
-2.161086859130033844e+00
2.670796581216116294e+00
-2.776820675830713014e+00
-4.968332242773939811e+00
3.229073230955599172e-01
-3.199079644017416513e+00
1.118806638697249056e+00
1.050665184972586985e+00
-1.021263526647821962e+01
1.995855772044752285e+00
2.100025671008496175e+01
2.408895632451735480e+01
-1.009849758025566757e+00
-1.476127822186548144e+00
2.795255469390330205e+00
2.736801127778151965e+01
3.125274457101498982e+00
1.532984209941659515e+00
1.885294095810911585e+01
7.193005241794480753e+00
1.635542800794426199e+01
7.408739347941622810e+00
5.443346492936811387e-01
2.416679177557436731e+01
4.678076444884844420e+00
1.353999847188902095e+00
7.574710464741087890e-01
-1.393797678904175186e+01
5.264497566357910330e+00
-8.506603090011932267e+00
1.359186468521236790e+01
1.301844073584619821e+01
2.480084907182490639e+00
8.508124209032672525e-01
1.308911966252399139e+01
-3.655405571958546318e+00
4.046796486205039400e+00
-4.787171655569679274e+00
-4.110646265091020268e-01
-2.129806134906489845e+01
2.378040897531841580e+01
3.992750638716834999e+00
-6.660071310811705558e+00
1.605405569253761655e+00
-2.062953185786265564e+01
-1.390403619852619954e+00
8.301708294445472092e+00
-2.033030151697431620e+00
6.966999154397441885e-01
-1.042726084872505510e+00
1.042410255049268386e+01
2.213640173351905105e-04
8.147652776768339322e-01
1.667908510637886366e+00
-1.690962004371606042e+00
-1.587035389665373941e+00
1.115344291674986721e+00
-6.384723360765889311e-01
-1.562578212775946440e+00
1.923686118300622638e+00
1.025916145871036633e+00
7.080430084110375333e+00
2.478818774123794810e+00
-4.215679537016114864e-01
-1.867228852753569868e+00
-1.902273822363159894e+01
-3.918816389291130520e+00
7.265627189760945015e+00
2.628904971374267596e+00
2.106988412048881543e+00
4.829348661127568221e-01
-1.162274068579529285e+01
-8.077126689521776370e-01
-1.094292493470106820e+00
-1.592539007160709730e+00
-2.091590110584874651e+00
4.053711718201888914e-01
-7.817777093208100325e-01
8.058222375269014748e+00
1.756172439068429014e+00
2.682167347354514675e+00
-1.787292806798348010e+00
4.981311304135260798e-04
2.260534054249546898e+00
5.620570328738381249e-01
-1.014742386844872613e+00
-1.758543258405182996e-01
8.851085439588501913e-02
6.785860720519281131e-01
-1.250639029945347147e+00
1.236606663308634779e+00
-1.011133446522350710e+00
-1.970852863430479829e+00
-3.446274819104644394e-01
6.948778951772283108e-02
5.600485645754751829e+00
7.251398088432765121e+00
-1.951288595863445607e+00
3.551704277291989342e-02
8.079224533825694721e+00
1.580049903234389319e+01
1.405379298905243068e+01
-3.591555835523125850e+00
-3.922996534089044474e+00
-8.697360106519340661e-01
-1.532693898482335726e+00
6.601864025640225009e-02
-3.187841084180220719e+00
2.688982894388221112e+01
4.091613534211319347e+00
1.602254516423155906e+01
1.160323520840742617e+01
-4.335155376495059443e+00
2.329177297455811413e+01
4.599802197937229664e+00
4.185118777459351236e+00
-1.311539825138908100e+00
1.050309804533426217e+01
3.134717315394844661e+00
-1.521343718546731338e+00
3.731623840077148202e+00
9.673507228266238656e+00
-2.451927318635156894e+00
1.068007689542725558e+01
1.276118414714696314e+01
3.607833673312512701e-01
2.932265490915213491e+00
-2.285764596091425460e+00
-5.253569113654492639e-01
3.089623024869609935e-01
4.358958940898759238e+00
1.303952471493681742e+01
5.391044117506434930e+01
2.795984620502952467e+01
1.073526496574305966e+01
-3.757816201330403061e+00
1.523752865749656848e-01
2.395751649506678405e+00
3.031616457457744218e-01
6.001863635485563009e+00
1.404342653411698905e+01
1.105144910072574760e+01
1.845728666477393176e+01
2.244522954023528882e+01
4.226179183836052289e+01
2.560499768900298534e+01
1.966121589712784612e+00
1.406320691894632091e+01
2.964825687962877154e+01
3.219656784334361532e+00
9.160387595892842683e+00
4.667855383810030645e+01
3.569231929573530238e+01
8.771251825071573194e-01
4.861967143760071508e+01
2.591997998946002468e+01
1.022811597725535648e+01
1.358802163796132589e+01
2.983815400546845353e+00
1.806807588548224430e+00
4.289640818076819073e+00
5.202322882968459794e+00
1.297717853627345619e+01
-4.641228888467168190e-01
1.144348554675516993e+01
2.508136126656607701e+01
7.401748770735807170e+00
1.090299489618125506e+01
3.466497336161206988e+01
4.976449937072037955e+01
1.746593103139178282e+01
4.110432816107256571e+01
2.104696116095298208e+01
4.805581276039504246e+00
5.529911858299087157e+00
1.979685539665678107e+01
-2.083593837047317265e+00
4.739913910503133820e+00
8.467620954931575739e+00
8.625565273747653805e+00
-1.470639543357847856e+00
2.162881390818856886e+01
-3.711289771372648261e+00
2.291850939770846196e+01
2.096653934143940035e+01
2.432210100671305497e+01
8.497928962164507993e+00
5.079206804419875709e+01
4.975049734075940933e+01
3.770635769415189031e+01
-1.962951535838456607e+00
2.298761769681996014e+01
7.351467968100919848e+00
6.885983911691937465e+00
-6.423906348137506939e-01
5.170620950705178132e+01
4.733950402239049993e+01
-1.877727535559401417e+00
1.334958608089691268e+01
2.267282666529510493e+01
2.408808838121032636e+01
6.360280741588383080e+00
7.390430010757242485e+00
1.457128608934613112e+01
1.256884309856148008e+01
7.701006040773577865e+00
1.860396606744093617e+01
2.715031042340342537e+00
-2.171180235445405060e+00
-3.702826515525146078e-01
-3.954656840283504948e+00
2.114907701781035598e+00
-8.542788002684602588e-01
1.619158603090812676e+01
-6.781668330757241847e+00
-6.226456600730585933e+00
-1.476405055686740297e+01
-2.406345844374939702e+00
9.510090898261537973e+00
8.445310010492448782e+00
3.908444580276778879e+00
-2.033490862413168543e+01
2.787795674752084096e+01
2.572042420878462110e+01
-2.962145291624167953e+00
3.405672789775128706e+01
8.279043777219840194e+00
2.289963171062746028e+01
1.568915429464119882e+01
-2.834825540976879665e+00
5.993612786392982628e+01
3.117211521353179648e+01
8.025066823665773086e+01
1.639982664880096763e+01
2.540391315779736203e+01
-4.697228617265778894e+00
-7.008600536493247546e+00
1.184087019136092067e+01
1.457640309636389020e+00
-8.454720310219698831e-01
2.096665156075901848e+01
3.323468705981284188e+00
-2.663401975908641361e-03
-4.861289726047004933e+00
-4.470954733332490605e-01
6.444943183647680485e+00
-1.432854284853868876e+01
-1.767631065676681601e+01
-9.484195529395520907e+00
6.487577488428669881e+00
-1.093879816142185746e+01
-4.145155100148372185e-01
-4.580942878476747637e+00
4.257842238738666651e+01
5.891944734451832488e+01
5.130826590955287259e+01
5.109970593986631116e+00
1.019217962698959923e+00
1.374801848191891906e+01
3.588000536380884853e+01
8.709812648917619526e+00
1.023433838097606952e+01
1.930198071396148407e+01
-1.553003011446114101e+01
9.367248254648075090e-04
9.351434960372401406e+00
-3.418459138962816724e+00
3.255078331825643545e+00
-4.903731179163060006e+00
-1.965171624032728914e+01
4.165210126137139923e-01
-2.937394833777347003e+00
2.049734392121280280e+00
-3.484829525943951012e-01
-3.570805336806387231e+00
-4.201535235395681411e-02
1.763870091038627663e+01
4.347239704211760625e+01
4.478416480026105262e+01
2.104468369235699754e+01
7.956243356127473021e+00
2.243106275311149034e+00
1.440700749198670394e+01
9.277262528772581618e+00
2.405684275406687789e+01
-5.944280681012656942e+00
9.296224040687093293e-01
-2.311146301514440893e+00
-7.599145842941823048e+00
-1.465528936447992692e+01
-8.383948089049226837e-01
2.020900192593586553e+00
9.696756213266468194e+00
3.703047813978903946e+01
1.608496603645539835e+01
1.336515815211220115e+01
4.871510569474310159e+00
1.461545591790311960e+01
1.511860164677403873e+01
1.714458499044509665e+01
7.266589452468053878e+00
5.753549216485406248e+01
9.724627101155363107e-01
-8.749463518574401633e+00
9.658330862037018960e+00
-9.348984511662735031e+00
2.396855164826831697e+00
6.172026390888163405e-02
-4.728168925113280352e+00
-2.730098696198297148e+00
-1.037850795611961985e+01
1.922061844431857480e+01
-1.823696105031558545e+00
-3.215390932599035523e+00
-9.604782566960636814e-01
-1.489847424395748021e+00
1.432993283251164485e+00
7.948855370123055764e-01
-2.428545771839480949e-01
-2.141638530047259792e+00
8.393288671809671087e-01
-2.007746607440452635e+00
2.237373839274084730e+00
1.087982541975549111e+01
1.511419730968592035e+01
2.857329685207758985e+00
-1.779174353775655959e+01
4.096019587846883780e+01
4.313201152114629622e-01
9.590442488806445454e-01
1.578200381378564998e+00
-1.313411322683322169e+00
7.278520551663518745e-01
4.679141064123513161e+00
4.203441474487021878e+00
7.958845462034844331e+00
8.687494070122312451e+00
-6.767505520949669062e+00
-4.906444500541681464e+00
1.267301649155406551e+02
1.850282398938247752e+00
5.179391706486674707e+01
-9.418237914491925267e+00
-2.141588859339321971e+00
-1.541755411401351239e+01
2.498853060120893588e-01
-1.909617206822247226e-01
4.229922299263947139e+00
-1.177372901076472544e+01
2.382500469710180369e-02
-1.586278532751350667e+00
4.468685755943795357e-01
9.718276193932240403e-01
2.694686248963876096e+00
5.440831952480806422e+00
-2.943770110508012294e+00
-3.095021659326562258e-01
1.175678354160282879e+00
-7.898273647409268960e+00
-1.511473147291098940e+00
-1.973893185336254419e+01
-1.121413616196889507e+00
2.604206565139236318e+00
7.442809401778455936e+01
2.087428211323498317e+00
-4.476599544651094220e-01
2.401380240952448730e+00
2.374622820606219875e+00
-4.479452610650810129e+00
3.837146333923158181e+00
1.684441437890541238e+00
1.504620016094378343e+00
-2.555129279537595721e+00
1.098026590900275323e+00
8.204712830980156468e-01
-2.604731932328832045e-01
3.200247527198541775e+00
-9.283663140380667755e+00
1.352552012993838559e+02
-1.029896617914374701e+00
-4.847259548651436489e+00
2.397765436136609196e+00
1.808408426229817678e+00
8.800534213881689993e-01
-3.067242570164694371e+00
-3.069027106884050227e-01
2.304028327727678516e+00
1.091389430532444749e+00
1.885608524927789631e+00
-1.593482403996091534e+00
-1.881371423106287466e+00
1.621611902049835408e-01
-2.328417378540677873e+00
-1.342160450793454629e+01
6.496727556710766294e-01
6.827148872725956608e-01
-1.315994210193508707e+00
2.874588446917499596e+00
4.746390490902115289e+00
2.138658061161208934e+00
-1.978689202569228200e-01
1.110949007108672504e+00
-1.226132847018789107e+00
6.307527269693480321e-01
1.283745497707826644e+00
7.388223048587111919e+01
-2.504545211492938961e-01
-2.744140637658460946e+00
3.150008651537703486e+01
-3.676165939199876220e+00
-2.987649444339467664e+00
1.570829171263028456e+00
-2.845499645581298864e+00
-3.280638953192749341e-01
-1.606408150784574218e+00
2.319490289628618029e+00
-4.041168116816606926e-01
4.391024335853614957e+00
-9.610267332671753593e-01
2.369029960937183432e+00
1.900612588288197458e-01
4.071583807254341991e-01
8.010384538490669115e+01
-1.457883702606579845e+00
2.509449550768920290e+00
-3.094769714720797538e+00
2.478608219624760522e+00
6.912988743170132011e+00
1.498721120355412495e+00
-1.403659534097101869e+00
4.024001700363726286e-01
-4.241156992773937873e+00
1.115056840450591835e+00
9.264613078821071213e-02
-4.023235530709911245e+00
-8.120551383592811590e+00
1.653926432290688808e+00
-2.023419493704636807e-02
-4.637552327447082234e+00
-2.226969070527900385e+00
-1.771253965360983784e-01
-3.068844333103811550e+00
8.656470541166072508e-02
4.139441301356697522e+00
-1.403399744307506580e+00
2.116414645191497357e+00
2.923532830560930051e+00
4.187882157997364629e-01
-6.712009779617460481e+00
2.045461791149136843e-01
-3.114037236027229483e-01
4.049847529641539268e+00
-9.402162365044546277e-01
6.847816883904272345e+00
-3.398394860034272824e-01
-9.249716300817567571e-01
5.687253858603185108e-01
2.105650333911057714e-01
-3.723775521102481889e+00
4.793315298829554649e-01
1.765447334523173595e+00
4.531706199752363773e+00
3.195818080179719800e-01
-5.540040610197820570e-01
-3.285087401455996314e+00
-4.972860285653553092e-01
-7.537905374905733424e-01
-2.001976965461210511e+00
-4.237150745383502226e+00
-6.112166542559975824e-01
-5.208050649294278855e+00
-1.764538754969606771e+00
3.726849114528758378e+01
1.510793541655743866e-01
1.142083150632799970e-01
-2.713494930659265947e+00
1.858641885540436078e+00
-1.627656426973459247e+00
9.514412276199067264e+00
-1.195953219337440032e+00
6.605798122237331427e+00
3.610163111659403512e-03
2.011651162604266574e-03
3.857362021733479196e-03
-1.380957769413271308e-03
-1.077561232409325953e+01
2.632161051116952422e-01
-1.848451441825659458e+00
1.766094444174427736e+00
4.299355504407202488e+00
3.729868330759643413e+00
2.812974299688619340e+00
6.190221914718563312e-01
3.201779983534152052e-01
-1.208568424532487029e+01
4.267358827275700150e+00
2.855328636216981408e+01
-7.065806658981415467e+00
4.234731445365014224e-04
2.537342213713600358e-03
1.564592976222911602e-03
-3.682618929758518789e-03
-2.214477166830874921e-04
-2.881040516115263017e-03
5.421309680286867660e-03
-5.470451287692412734e-04
9.008435600321718084e-04
-2.794319754428897795e-03
-4.537363707868280471e-03
-6.626168038792457082e-05
4.037036800355053856e-03
-6.611998929509155687e+00
-4.783789429782410707e+01
-3.587751349248435417e+00
-6.465764668948253302e+00
-7.965168696427724626e-01
3.976767243579985234e+01
-5.579890012270908528e+00
5.577090203741781238e+01
