6.004212788927090827e+01
3.580389836279648108e+01
6.155971919987481300e+01
6.979540405366780931e+01
3.851188801949518137e+01
2.898254550005547614e+01
5.341383443417675636e+01
6.065743771678804563e+01
1.770943008421887299e+01
3.736616130769385791e+01
6.017427863851155223e+01
3.730992821665390835e+01
6.317370768365680789e+01
4.416736640841659778e+01
5.459986121669214754e+01
8.088779229963822104e+01
5.742201005610040454e+01
8.177523717423919436e+01
5.625274627815112183e+01
4.480419560740904217e+01
7.313312202476724622e+01
4.781513314169841777e+01
7.132797004607903091e+01
5.882745499947730394e+01
6.406079380271786761e+01
5.924694732822437970e+01
5.619042170256305013e+01
5.855256234478951427e+01
5.764299565706994599e+01
4.281611329599959248e+01
5.421256834829237192e+01
5.794218359975403132e+01
1.571701366704119529e+01
2.259736627100881634e+01
2.097113434160868550e+01
2.100826600926334109e+01
3.855212295679167767e+01
7.326572707656522709e+01
1.923617766127278728e+01
2.355892068138553697e+01
2.399130103445347473e+01
1.564951953833141474e+01
2.339674713042033360e+01
2.033341982936080683e+01
1.589294974959964613e+01
4.156001493551117676e+01
4.323023358090530621e+01
5.506304997647168165e+01
5.609281767375065897e+01
6.157736820415554746e+01
4.671665124123184398e+01
3.471943888436590697e+01
2.968313264944510621e+01
3.244072025123211489e+01
4.225269811981858226e+01
2.408691620741353390e+01
6.390093073995328865e+01
6.818340347943735935e+01
4.268702971292731974e+01
5.982023831096366706e+01
1.352627203337612016e+01
1.541631871027148293e+01
1.065965182344021578e+01
4.138672028200335973e+00
8.675365564456354761e+00
9.326419112752484253e+00
1.313353755105674026e+01
1.344658729418614307e+01
3.172668761346188759e+01
2.543940887989109356e+01
5.884636605331809989e+01
2.887809242957939304e+01
3.193065385064352313e+01
8.378741653746402562e+01
6.436571515795498044e+01
6.150285008151642785e+01
6.034367611957927835e+01
5.197852086002934158e+01
5.492741796751400329e+01
3.291258153172784517e+01
4.527467051677402310e+01
2.119565771859534919e+01
-2.500828325087595516e+01
7.479225911570249252e+01
5.179825823381874983e+01
7.424115260310327358e+01
4.655162090541684705e+01
5.100865430421543323e+01
6.371250179087759591e+01
1.475467481167095052e+01
-2.255285934212643839e-01
4.980365189570837181e+00
9.518266525538489731e+00
6.107523125061003810e+00
2.029681144095959766e+01
2.302843695512975586e+01
1.351169882279597800e+01
1.345872781050852218e+01
1.028272133674343891e-01
3.290028318468265667e+01
3.275946916812797127e+01
4.559220251003223723e+01
6.614872897743024005e+00
4.140983146913374924e+01
3.730117679814525644e+01
5.461010473143041111e+01
5.534693584586532467e+01
-3.823952446427215079e+01
2.880630565009509780e+01
1.984476176179330409e+01
9.521331521581515744e+00
-2.381243509629541322e+01
3.056563538324267881e+01
4.459747818695998234e+01
7.477831607566009176e+00
4.146936004764327777e+01
4.232017838979982827e+01
4.392427201004847603e+01
4.194608752800322193e+00
9.764569731803875996e+00
3.985637537764182525e+01
8.717499527212204669e+00
2.101108374806697299e+01
4.693945671009589660e+01
3.260292193046879561e+01
1.701393460388993972e+01
-1.198198259289549261e+00
1.057230434887245174e+01
1.712368654838143200e+01
2.853568041832346225e+01
1.046776334738036596e+01
3.113632980882077561e+01
4.625636704856727732e+01
1.720358535442736780e+01
2.645719687867673997e+01
4.010584854568875812e+01
3.000771323379074929e+01
4.123282848437987980e+01
2.478539061608862326e+01
5.196768729514027285e+01
8.281478296181203902e+00
4.221137344282955439e+01
2.337034107804836225e+01
2.429484908677025601e+01
3.690653525014911196e+01
1.041106412039452245e+01
3.705729511767564333e+01
3.448937517933507735e+01
2.143058955005469457e+01
2.866119060654442663e+01
8.489216499165062046e+00
4.039101214041989607e+01
1.272351096269554205e+01
2.826461078599555421e+01
1.831543886365544438e+01
2.818183182542013654e+01
4.819430183411609647e+01
8.633113406702820569e+00
3.303183311657594601e+01
4.692832272872178123e+01
4.989000158627310810e+01
2.446968502394480538e+01
3.427888344595628922e+01
2.790923948484716277e+01
2.095295532096358571e+01
3.018843374748270492e+01
2.867057939182728887e+01
3.492553511159710666e+01
2.221098015447800123e+01
5.822478052421364225e+01
6.021474650448435995e+01
6.048839175819068004e+01
6.201372339271896550e+01
3.079806847021328764e+01
1.004528966200542683e+01
3.109076108158033591e+01
1.658207585494023206e+01
8.394289284157061104e+00
3.012966476771978819e+01
3.803920013087000740e+01
2.692341916825154513e+01
4.704200870767496667e+01
5.948144246239107247e+01
4.960805303938509070e+01
2.572827226545738455e+01
4.211434256992969694e+01
3.960701601138082850e+01
5.022986780193489409e+01
4.179965613391032520e+01
6.195314507197736020e+01
6.902129988409139116e+01
7.391525832847469246e+01
7.099236685379015910e+01
4.905751468864378495e+01
7.969688415890021815e+01
5.468678035768397905e+01
6.573475737311808587e+01
8.561959028367432722e+01
3.979611467889638732e+01
2.852269140076592535e+01
1.391882687456474521e+01
2.403217990129870785e+01
7.370774336449886555e+00
3.184415465893911446e+01
8.506538268209884279e+01
3.814136865126398135e+01
4.584403179615564738e+01
7.754667130353907112e+01
7.178808892203362291e+01
5.455014572479007029e+01
2.009007210836761814e+01
2.882633978894065407e+01
7.756691950430262494e+00
2.778086234769696006e+01
7.317372587865729194e+00
1.178586578520534722e+01
4.965677857538795337e+01
5.250011756662281925e+01
8.079027004237651965e+01
4.350786756667937283e+01
7.107277961017554446e+01
4.777249162102620517e+01
6.575940553251143683e+01
7.959065859747310867e+01
8.785191897075800682e+01
8.157447888582646556e+01
8.693558473483017224e+01
9.551362032578312267e+01
6.757445828145304745e+01
4.936481374313903814e+01
4.426612291428889989e+01
3.457020422880767541e+01
9.963918110248489057e+00
3.466409132839316953e+01
2.235963985619638450e+01
1.361133408269535927e+01
1.359170405494381484e+01
6.261846014006431460e+01
8.320435845951239173e+01
9.252579756014526424e+01
9.403887584091374663e+01
8.337994056193555537e+01
2.215406864729721903e+01
1.541133676226694682e+01
4.097712340569546541e+01
5.932648244322615483e+01
2.453316256835050879e+01
1.599517786944666220e+01
4.814272698995181798e+01
5.694261155586450229e+01
5.392586858776758163e+01
3.979210508778281508e+01
6.026003778357042506e+01
7.646169087706402934e+01
4.343229014827371515e+01
4.727435641425942237e+01
8.713361860922634605e+01
3.911141081401792974e+01
4.728808099569394585e+01
9.881278724835566152e+01
9.562282094003043653e+01
7.555265459088840885e+01
9.830135846986637205e+01
9.448795698732071457e+01
6.877308909554029981e+01
5.975141970549639581e+01
4.500495789199235652e+00
1.697002154646094851e+01
2.586179219866079393e+01
2.861624382858218851e+01
9.821330349868169662e+01
8.670313411689213012e+01
9.825594484360435388e+01
9.207191290286573349e+01
6.818924848248823878e+01
7.595153018163232161e+01
6.857200355004235348e+01
5.074033509429651190e+01
1.639155528718222143e+01
5.398543413999101404e+01
3.007731508397436926e+01
3.814385683195071408e+01
2.562433541235569834e+01
9.046888459249647951e+01
5.986634351866440085e+01
8.477601963749853198e+00
2.248655124308821485e+01
7.960146736395566336e+01
1.181943571909392254e+01
3.746994534851818059e+01
5.653799738880994141e+01
5.504775021723901318e+01
7.209486119489098144e+01
9.913504904327922418e+01
9.458218481623055141e+01
9.232437868832099070e+01
8.424473651144974440e+01
9.996494217105684754e+01
8.751522088888222584e+01
7.267127286955302168e+01
7.617940529104046732e+01
7.201016134254551559e+01
4.386857467213225448e+01
3.911593785448655325e+01
2.026555810056969875e+01
4.829447473872946972e+01
5.189101349644295880e+01
1.013549336824735008e+02
9.326357030828735617e+01
7.926819108932970437e+01
1.017385840056318642e+02
9.496373797301934871e+01
9.071659176187814921e+01
8.116158140264212761e+01
1.031014061396436148e+02
3.949908563846114617e+01
1.056245714838166663e+02
7.489921245248869752e+01
7.889204699712094282e+01
7.185910409513554953e+01
8.479235729258621745e+01
1.236505242058090381e+01
1.696587970278503121e+01
2.979031994754683765e+01
8.937288882615091268e+01
5.712129957184298235e+01
8.635815641613285720e+01
9.702625367673056189e+01
1.088629560107331429e+02
1.895112795010727424e+01
2.700018663161655397e+01
1.069440991497632609e+02
8.855396149522553628e+01
7.745021127922272797e+01
7.524292434537842666e+01
1.138992890829115652e+02
9.258099569272503970e+01
8.714174534805832195e+01
5.566286473385515166e+01
9.517430974602623905e+01
7.979247819890201754e+01
1.007606176333074615e+02
1.104146789283630454e+02
1.126974232347362630e+02
1.180947883314728699e+02
1.247684466045573544e+02
1.073648729354282381e+02
8.814608015490945547e+01
1.189809233421229067e+02
1.156806060410385015e+02
1.213520964069537058e+02
1.202844054863567891e+02
1.027282679651300725e+02
8.080021349414019483e+01
1.069158349096656906e+02
1.375193311520442592e+02
7.681575799305986152e+01
7.909808781010799805e+01
1.146398290867672074e+02
5.104117437541693647e+01
1.198689916804084419e+02
8.363383213236895131e+01
1.141883689351183051e+02
1.413184884717637431e+02
2.404834290498656557e+01
6.503431728577835713e+01
9.747753035063837501e+00
1.159500305092310981e+02
8.071902915335613216e+01
1.309257738577069290e+02
1.394039044545653780e+02
1.435354838345626263e+02
1.393068537778364373e+02
1.194035837675644274e+02
9.251028152282270867e+01
1.118477579218717040e+02
9.397603378731204771e+01
1.320953537040122399e+02
1.277062276891823842e+02
1.175050745570960089e+02
1.584001323505262633e+02
1.686501984467416264e+02
1.508208686675492629e+02
1.170079291905203007e+02
1.627938996403960914e+02
1.805684240598051531e+02
1.684886424257052795e+02
7.122843096722800738e+01
5.578694056513990773e+01
6.874708908256170048e+01
1.119727897071541065e+02
1.000749313975936872e+02
8.209144560133768209e+01
6.773208895734180146e+01
1.475837248166131985e+02
1.153250069614159088e+02
1.060515611665352793e+02
1.791077288783460517e+02
1.209998588306561089e+02
1.169247362146352032e+02
1.507394443906937624e+02
1.687813433703506689e+02
1.983492346674553630e+02
1.757464783385267424e+02
2.229339042388774885e+02
1.798854040986977054e+02
2.129114509293626725e+02
2.051454357399699404e+02
2.168363354653283750e+02
1.921571805794571901e+02
1.100099681297723180e+02
8.099606725762480153e+01
8.131296449372652546e+01
1.137440843211260812e+02
1.210013701120943352e+02
8.544608433276286519e+01
1.022349959907703152e+02
1.389554104059359361e+02
8.734400050359673173e+01
2.198064987573119993e+02
2.065022147423164824e+02
2.030277603832562363e+02
1.784087347757866837e+02
2.172239726718752024e+02
2.353523255763052475e+02
2.224161006635108890e+02
1.375602898242064214e+02
7.323917542074680398e+01
1.308744091671554202e+02
1.241224765592695718e+02
1.435612723356931895e+02
1.678390771679411557e+02
1.169144390139296235e+02
1.042265312976151677e+02
1.358326394869052649e+02
5.728449311294954072e+01
1.355008317723835205e+02
1.550291934922306609e+02
1.234947959413088370e+02
1.769844855332091811e+02
2.301730316937679106e+02
1.849419532466340570e+02
1.223279037701356771e+02
1.417329266372556731e+02
1.615358795393088087e+02
1.209733836853826148e+02
1.836666509054991820e+02
1.982388351862718707e+02
2.136131928033533995e+02
1.980722282612282470e+02
2.397455180881745491e+02
2.198531062167116374e+02
2.184639915390620502e+02
2.395419892071822972e+02
2.386283643726582113e+02
2.315758612272961727e+02
2.296897489865643252e+02
1.984464870857855203e+02
1.672098353352061793e+02
1.624063676296305516e+02
1.827707164057880220e+02
8.486536204230468172e+01
2.296167007894665915e+02
2.453356146631306558e+02
2.545432158383201511e+02
2.296935621618615642e+02
2.225137727580491855e+02
2.087805902901760362e+02
1.751078641041531796e+02
2.063845161791936675e+02
1.545576105724090041e+02
1.444540928500548489e+02
2.000240111866519896e+02
3.092087409596175362e+01
1.838794841539778702e+02
6.610408666310782166e+01
1.635203951513814218e+02
1.836815740098654146e+02
1.545315358595582893e+02
2.194655276130862944e+02
2.003382228304289185e+02
1.151211316437159979e+02
1.742886363229746678e+02
2.299159416871926283e+02
2.302822140098261912e+02
2.224899139894396285e+02
2.482937876471519871e+02
2.322286884788802013e+02
2.173502919271016083e+02
2.218159280102887294e+02
2.427588132927312188e+02
2.380318292738825789e+02
1.979177757178882473e+02
1.743892933278499697e+02
1.646858645455108956e+02
2.209165793266195692e+02
2.034185321953717676e+02
7.284854819411287963e+01
1.880690884922720159e+02
2.167918810675840007e+02
2.316658346274140854e+02
2.252057142220710944e+02
2.478403459872058932e+02
2.109282150339372777e+02
2.387937125890009042e+02
2.338204808145862614e+02
2.297100844912737898e+02
2.384128619527592434e+02
2.311067225390575288e+02
2.482693525695446795e+02
2.175300225963540584e+02
2.023510741946187466e+02
3.408149561066242228e+01
2.426242823378659921e+02
2.114087601040231448e+02
1.490828844477436519e+02
1.698742751265795619e+02
2.000343102542012161e+02
1.356684005183566910e+02
1.941832461016603304e+02
2.235484060711606276e+02
2.329850522862107596e+02
1.302618884658604941e+02
1.629202130567116740e+02
2.263513195737644708e+02
2.281259035774297956e+02
2.059369366984741134e+02
1.712381409401326096e+02
2.060106917059859484e+02
2.188557101345003275e+02
2.262799088367623028e+02
2.203618322500381908e+02
2.362504027123348749e+02
2.381294013753573324e+02
2.433363477927977101e+02
2.437478285683282877e+02
2.587425964715369560e+02
2.336759597417524503e+02
2.132957103013463893e+02
8.828596598309842136e+01
2.427133324743251706e+02
2.168666610766697431e+02
1.382817652401343764e+02
2.300108686369004545e+02
2.131472440348499617e+02
2.676655278448833428e+02
2.703291695584564422e+02
2.064901206688396655e+02
2.430692972438470463e+02
2.716599543356069830e+02
2.651546827693462660e+02
1.762185880611632456e+02
2.034712222749688806e+02
1.760884800926530147e+02
2.145241420958430751e+02
2.855461291223538751e+02
9.336915913126986766e+01
1.715438009520058245e+02
2.113352415658819723e+02
1.651609593849830446e+02
2.091012611847239668e+02
1.426090960881526826e+02
2.009164870568458241e+02
1.955772929322181710e+02
1.888561223519966745e+02
1.799822550471741067e+02
1.849797219892980422e+02
1.927489945174154116e+02
1.879849430767862373e+02
2.289615285553314550e+02
2.468921786204868454e+02
2.017758291257460996e+02
2.540692145337077932e+02
2.753946455706143297e+02
2.701835161517039978e+02
2.745897598160026973e+02
2.883506580597650668e+02
2.448967206823333811e+02
2.073485617580686835e+02
2.459271274425444744e+02
1.980735744286835711e+02
1.797430568746614483e+02
1.970746899065467517e+02
1.810451409277562504e+02
2.731636714163284978e+02
1.992074580793848497e+02
2.123207230317009362e+02
1.700240145730561210e+02
2.466865785415358232e+02
2.866994000647268308e+02
2.818069546734575965e+02
2.801125031470959357e+02
2.042242060541741182e+02
2.477541947597358387e+02
2.170011603856199258e+02
2.540488210512129967e+02
2.464031066502030853e+02
2.656362847115247519e+02
2.780762640192202753e+02
2.528647657118725078e+02
1.878624125510602312e+02
2.049116048367018266e+02
2.023480891475415717e+02
2.660650788241806026e+02
2.195388950724866390e+02
2.034071480883839911e+02
1.635542745271430647e+02
2.014575303397861035e+02
2.036952237392066252e+02
1.868583488538872928e+02
1.944957061410998733e+02
1.994362313870258276e+02
1.980409119140514349e+02
2.075411668720247746e+02
2.064942492822122517e+02
2.015347115950962689e+02
2.258098708409544315e+02
2.051141534912399322e+02
2.049574954880180258e+02
2.139595466362059426e+02
2.213618433255599598e+02
2.540370502229258989e+02
2.713159719329946711e+02
2.489074846041478395e+02
2.658664705853376518e+02
2.672751608078006598e+02
1.907340290123013915e+02
2.403005247685790948e+02
1.996638386441647981e+02
1.994601074312634807e+02
1.766729739018921919e+02
2.004412344907727288e+02
2.286140748962891962e+02
2.348705089980051355e+02
2.463399147002166387e+02
2.453091704611796047e+02
2.446375397443998168e+02
2.305295041248369330e+02
2.273696853413118788e+02
2.545821752813177739e+02
2.428000652024664419e+02
2.545673137792858824e+02
2.418537284802389991e+02
2.355315680499215603e+02
2.196867867030930768e+02
2.150049177402254088e+02
2.490167852156074844e+02
1.996878273161446771e+02
2.019900072990148772e+02
1.950653268068367083e+02
1.644732675912737250e+02
2.007325143124098759e+02
1.450415831852184567e+02
