6.746183284914966834e-05
1.037330778197749437e+00
1.160902860638594204e-06
1.065902894479466570e-04
1.363912043840245003e+00
2.116424273696171506e-08
2.843553867948345637e+00
3.995097001094608018e-05
2.448126986879255435e-08
7.314261133785810109e+00
5.280441758525090457e+00
6.637857911997963433e-09
2.053034487287750994e-06
9.319761811882892877e-01
1.020154734368086115e-06
2.257547560073172588e-02
9.642575328500807563e-01
1.238008322759697518e-03
2.786725335652060931e+00
1.478086199601911899e+00
4.756545160066896305e-04
9.646213416870721424e-01
2.527804392842130602e-03
1.381993564731169855e-01
1.781972861533487936e-04
1.167500810864147478e-06
1.428359200500088688e+00
9.267334055609787020e-07
5.021962947814767375e+00
9.005295004580092406e-09
1.571468479102318838e+01
1.180182829184412852e-06
1.064503440508754970e-09
1.036261023659154068e+00
1.666206607120845649e-09
2.606422943345354426e+01
1.231469893761620187e-08
4.982434758119875795e+00
8.242052238162000322e+01
5.373871606868979220e-09
1.600073202072091361e+00
5.189379036475612939e-09
6.649886393671041729e-01
1.208463219900044017e+01
5.521980174238275696e-01
1.111054802258132357e+00
2.762532603497405148e+00
1.087090080351292176e+00
9.632874635549228515e+00
6.862532550500350048e+00
8.252220733893523175e+00
1.901239451778159761e+01
9.142747450520612773e+00
2.800596942504213871e+01
7.433266291580110874e+00
1.744882706789244509e+00
2.192123545591161182e+00
2.758136279894767728e+00
2.539565394593801173e+01
1.206327906746494308e-04
8.500575110273981272e-01
7.500701674326907487e+00
4.632939589735891595e-01
5.437482255179561616e-10
1.629327406674737633e+00
5.646752143955779957e-02
7.487366546162577130e+00
6.391167320957435116e+00
1.630144020230990520e+01
3.098873404209257743e+01
3.391085995776491391e+00
9.342129262356660746e+00
1.313130175569986591e+01
5.025019705193020769e+00
7.673989721803903485e+00
8.986725332466329874e+00
4.821255471611316068e+00
1.587897875776651979e+01
3.598813820466242319e-01
1.937074635295310898e+01
3.589293164477008080e+00
1.927314373023823180e+01
1.378202896434025604e+01
1.567775459216468326e+00
9.516447058551774640e-02
1.627675968715967869e+00
4.334929535142847956e-03
9.161125784364690938e-01
1.655947407344312339e+01
8.741934087639421591e+00
2.177559893814566294e+01
3.730639687846629267e-10
3.269049124043414078e+00
4.156766627663249225e-01
6.810799366146206069e+00
6.025639235484585576e+00
5.417112991351712203e+00
5.194983490752601796e+01
2.271266401087251552e+01
2.329496097375147734e+00
1.092451516372929810e+01
9.526241066948475111e-02
3.531602526066973891e+00
2.544729736043516599e+00
5.379740671974592381e+00
6.992977254688744759e-01
1.980227842931050475e-01
2.347665529717338995e+00
6.743079336278385405e+00
3.681212035567519081e+01
1.587286521871473788e+00
3.700141996062578542e+00
9.225954939474677596e-01
3.840705377966274536e+00
2.542308570076375366e-08
1.526634485988406631e+01
4.791275859334859000e+00
5.462144390993852738e-01
3.955943980836603686e-10
1.865714752669739740e+00
1.285686475285115371e+01
2.815386625449485813e-01
4.327447437824067045e+00
3.994923660278923983e-01
2.197224443947644268e+00
1.766981405270220629e+00
1.138278711013993849e+01
8.671958046841289625e-02
1.312904730159115907e+00
2.200393616232736438e-01
4.497921088228680198e+00
4.098383418426519320e+00
3.728177479139930739e+01
2.802071858039668073e-01
2.992840328966599017e+00
4.972515154566715267e+01
1.329651283909734971e+00
2.580968930126051220e+00
8.520105200500953657e-01
2.826733964279741773e+00
2.165492541943593585e-01
1.103537912586489789e+01
2.225039032906426240e+00
1.520579256940488844e-01
1.961848335113984021e+01
4.074767432026962261e-10
2.727675283964157149e+00
1.930543886839641843e+00
1.520973155849809721e+01
2.251168361049633404e+01
4.117283987157294525e-10
1.153780303325123852e-01
7.408274399303275970e-02
1.229636281992436908e+00
4.360869108200374211e-01
8.704220890013312228e-01
6.612468075556310332e-02
4.141415766302278321e-10
2.941299579778939854e-01
1.021768598831810815e+00
2.600180886931579560e-01
3.575711269147975546e+00
3.761964145211333488e+00
4.443004916451314124e+00
5.531251280072705612e+00
9.590664568839100568e+00
9.390390411295673090e+00
3.498085285300003733e+00
7.802041268691265463e-01
1.326491132399067396e+01
1.956367975917407964e-01
1.340083974514740150e+00
4.887752836418834401e-01
3.368167013643910135e+00
1.374516991749407335e-09
5.376889732463300042e+00
2.283292908835320656e+00
7.438085048754479456e-02
4.818461524278119690e+00
5.378256028108165054e+00
2.987868171667903971e-01
7.736068542760976552e-02
2.614434876950511022e-01
3.087177670132610907e-01
9.947046454686829520e-02
2.553405299642276734e-08
7.558392953951814652e-02
1.984707857556927690e-02
1.624228174756152665e-01
4.314115271831248100e-02
4.042911983444456153e-02
1.226172064072765105e-01
3.188486179672658793e-02
1.038029498206641588e+00
1.019277514488624442e-01
2.377013407835721903e+00
7.210972017080593544e-01
3.599456545824909065e-02
3.190826957751815574e+00
4.589169102879381512e+00
2.946413814049113622e+00
1.425574225308295639e-01
1.830386430919681784e+00
3.514721493850702760e+00
2.023621417005212059e-02
3.743596242173030220e+00
2.800880636786910571e+00
2.408744067936441358e-01
3.309279048816108904e-01
1.985567262341111805e+00
1.369390956961166750e-01
1.337047659240369279e+00
2.251699937201717028e-08
4.126550733386960879e+00
4.261423371175245833e-01
7.750675729416986459e-02
1.534226303624185904e-05
1.196016880681936706e-01
2.389802349256926473e-01
1.197016480104211578e-01
4.967491295475184344e-03
1.442192798876475689e-02
6.004392239213918181e-02
7.871969808769130328e-02
2.567139808112493815e-02
2.760656608611393101e-02
2.371579927278363031e-01
6.811075403992512822e-03
6.730252150486634166e-01
3.646656407190231874e+00
5.175630445309618466e+00
1.383993140655762621e+00
1.215016033464167283e-01
5.175437735913536841e+00
2.360161588380089714e+00
5.726085985976168580e+00
1.721320696407162941e-05
1.987967382515209325e+00
2.247219142005056538e-03
2.118227007660126449e-01
1.245610295411548642e-02
7.561734364661130969e-02
1.834042167683469415e+01
7.323819443112036254e-01
8.645955947982223222e+00
5.130040164118615742e+00
7.226988589740943603e-01
1.538637075864260062e+01
2.275875623975474882e-01
3.042470582878413765e-01
1.359576611135297086e-08
1.435349919788777850e-01
2.713989381179493066e+00
7.843836571451577866e-01
1.826823242629821153e-01
1.116997825211752948e+00
7.296041090176524913e-01
8.427946004567327121e-01
4.964106921927540661e+00
2.777144010774423941e-03
7.217696899972650959e-01
1.233060720088664519e+00
1.436948583134054769e-01
2.916991048127063387e-03
3.433444736174277256e+00
7.568641893055255032e+00
3.429558616745037369e+01
1.863764927383370917e+01
4.791151618677099044e+00
7.308430378903726621e-06
5.851046494342463378e-01
4.871210501200097798e-01
9.470473480289131052e-01
1.328885371524002545e+00
6.477420641031311987e+00
4.218381323778510605e+00
7.716871782176865757e+00
9.539664199499002351e+00
2.060312573739897246e+01
1.207312652082820570e+01
3.346830807492200410e-01
1.231451527542685609e+00
2.761069364613482832e-02
1.038845185829446072e+00
7.566800642846584601e+00
9.976418195672041328e-10
2.088618959425303512e-01
3.186634542742992071e+00
1.368463514075240160e-02
2.260225954500820311e+00
6.972114112946293574e+00
4.836967509988437719e+00
6.104832382682011449e+00
1.916864527337497792e+00
2.420168674050945601e+00
2.216394236634958992e-01
2.043966622518713194e+00
1.818740452168793098e+00
7.002915408666446906e-01
1.209306019481628702e+01
5.361139613733166165e+00
7.428145584464494355e+00
9.606239381765647067e+00
1.512277964661962493e+01
3.660359738672028159e-09
1.660524729374343167e+01
4.573907558148260222e+00
1.256789730265482907e+00
1.164633218161053030e+00
9.087308490383950499e+00
2.986129718992204474e+00
5.194253498742973374e-01
4.162125718217775106e-01
8.175132775198811430e+00
4.044838804387587139e+00
8.203943977065907278e-01
2.464681513828007908e+01
9.172537128010590735e+00
8.124254523843212894e+00
5.799554633733158937e+00
3.973775588381144086e+00
7.455830467963384979e-12
6.069143815117398338e-02
8.149641884707606865e-01
3.722277947366671835e+00
2.910414277236989644e+00
4.666974444700509927e+00
4.479532481492674023e+00
3.087999047383251483e+00
1.343889560849709190e-10
1.822090517080061645e-01
1.808807981500494710e+00
4.571194400167411409e+00
2.008623653712272628e+01
2.290711297116814649e+01
1.503964705081790365e+00
8.476003248031599435e-01
1.536311140025686406e+01
1.072457349469075831e-05
8.022605069273625489e+00
1.741240857176035561e+01
1.894528879814162403e-01
3.331797247278393548e-01
1.013960029516743910e+00
2.029962889598496023e+00
8.453998989425985933e-01
3.629268777260017398e+00
3.416783574762154529e+01
4.353852954190984836e-01
8.835867696111835201e+00
3.997683782970671018e+01
7.301217654466821694e-01
4.408938158775243643e+00
1.816191330314182784e+00
5.848328200353422268e+00
1.889195194265958833e+01
3.538726143202467966e+01
1.214137590668637756e+01
1.980990347215786151e+00
1.255875903297985596e+00
4.057091740674444225e+00
2.899502377434531653e+00
4.488396434846137595e+00
2.925540354900850293e+00
2.951406084609274269e-02
4.704989219297585623e-01
7.368601076722794810e-10
4.096866423949115266e+00
1.622356111349134045e+00
8.087768987878140026e-01
1.602196803167524664e+00
8.165106656751222047e+00
3.396548431538121804e+00
2.187271710229693511e+01
4.772439749339782544e+00
5.270677981748352003e+00
1.052423925657522885e-03
4.318338611208956124e+00
9.182598166754907254e-01
4.234997460882717668e+00
8.951048666122823905e-01
1.855964368008236720e+00
9.907116513866028873e-01
3.308086855803115611e+01
2.529069391019725721e+00
8.097000535821446965e-02
2.242497585751778377e+00
3.758526650109167377e+01
6.707820763792420848e+01
6.578664224028730700e+01
3.775062409864490487e+00
1.893883912933792546e+00
2.280034892018322434e+00
4.778578265130192099e-02
4.201078342568439261e+00
2.440931242178299154e+00
1.446577732906273006e+00
2.785846371810680733e+00
9.088005542805964551e-08
9.271085539533624464e-01
2.985928527903972896e+00
2.469795719630224262e+00
1.956699217315197137e+00
2.428419131156017041e+00
5.239173502152402184e-01
3.909401155299018771e-01
7.575415758414999479e-01
3.507872730111542825e-02
4.608391947727677462e-01
5.998696451764096160e-01
2.732874754056713584e+01
5.475040085002644474e+01
5.534618648138486918e+01
2.103392061975256855e+00
6.348792306823836107e+00
1.115116981390768192e-05
4.047577631045753854e+00
6.288729183119627919e+00
1.019348662098546354e+00
3.783278578834843309e-01
3.671101695645478946e-02
6.528674314552671554e-01
7.838061808649808171e+00
1.438310996063357550e+00
5.148689830325899885e-01
1.823518825183540193e-01
6.360761540864781516e+00
4.115580118297039736e-01
2.275119184027598251e+01
2.555722940441994595e+01
7.436696747198737079e+00
2.091444839850113979e+00
9.416500404692024873e+00
1.547075474502498160e+00
7.200537443826338091e+00
1.973336774254221968e-07
3.242194137999705017e+00
2.281527659523612694e+00
5.436827731961441090e-01
1.253568936753946206e+00
3.002699537733721225e-01
1.323248437952021073e+00
7.717870993487577322e-07
1.011840741627526796e+01
4.391318543125236395e+00
7.913774712465091454e+00
5.198801270086351733e-01
2.522372096380599782e+00
9.722225906711741139e-01
9.080002020083264291e-01
1.617192265180253108e-01
4.231264604288342279e-01
4.116582323498764739e-01
3.442011845601894993e-01
2.989472204331235575e-02
2.102846173992047041e-01
2.849479729062183442e-02
3.473740581069195699e+00
9.653909071104086692e+00
3.906147292972039775e+00
7.406871728381827502e+00
7.283243687390671406e-01
3.067770316621524218e-01
3.388645691446643404e-01
1.345959141124906111e-01
3.222145662101116304e-01
5.871736298119516889e-02
8.772354022085142589e-01
6.018141803305879556e+00
1.026622432952242647e+00
3.590641443327893256e+00
8.181364488329657680e-01
8.079204642684979509e-01
5.802542540643496726e-09
1.424732279017251857e+00
3.372768776740142387e-10
1.192039475318866160e+01
3.375184903090838073e+00
4.389420694164183345e+01
6.037707523569197342e-03
1.117631283973308687e+00
8.876145883846183082e+00
6.989043347506296300e+00
1.696327458946729483e-01
3.029461887075437065e+00
1.328597305876785990e-02
5.595872315870248359e-02
9.857862490687431534e-02
1.942073601392046767e+00
1.573142564405488886e-01
4.449240666030499641e-02
7.811729349687433765e-02
1.931723611110018446e+00
1.274229751090719231e+00
4.826363999098280400e-01
9.410993415769929316e-01
3.624450915081020241e+00
3.006366471361779369e-01
9.652040921358903125e-01
2.677400082764571157e-02
7.018192481374612157e-01
5.458524245372866623e-01
4.380425923240671149e-01
1.034832350498077647e+00
4.946622065154485798e-02
1.509991008385160906e-02
4.086450132095429955e-01
2.743344696167930932e-02
2.817125335266381161e-02
2.593714743894223740e-01
9.018105250538882567e-01
7.499333064475705024e-01
6.406542319053119819e-10
1.590372814765878828e-01
6.068995492580144813e-01
4.119220571073009540e-01
1.969106644359363001e-01
3.204227107100441896e-01
3.478517366450196844e-08
8.463939104734284902e-01
3.943823039054272783e-01
1.886597076669226103e-01
1.178492481270684733e+00
5.831447682709172575e+00
1.961613357754617704e-01
2.950187066870662567e-01
7.872161865883103848e-02
2.979803401308031039e-07
2.178401134884862256e-01
2.897668026155268972e-01
8.967443802680002962e-02
1.426628532591683651e+00
3.436473905900297443e-01
1.852461951464802192e-01
5.213152073468682035e-01
5.980713391868638235e-02
5.315805804672389945e-01
3.836784314366310511e-01
2.757671849219375804e-01
2.632305786206203257e-01
4.032566685946074592e-01
6.623844221666619347e-02
1.302070667340679000e-01
8.574492559906021771e-02
3.128833121306073384e+00
4.259716516178975176e-01
1.537868078119658810e-01
1.517834040288800646e+00
2.847296913872626178e-01
8.547397341804853499e-02
3.717868677214718198e-02
4.069795360758678981e-01
9.912850172457743358e-02
1.460592400067684815e-01
1.698629367490691877e-01
2.217826196138961425e-01
3.770165355252522222e-09
8.107309009204047290e-02
3.138539958992244694e-01
6.846572112127721210e-01
2.765058428354050801e-01
2.915579907525828185e-01
4.867598990567027495e-01
1.117455866336473091e+00
1.768044680330683324e-05
4.399989598169919414e-01
1.974812725310180761e-01
2.690897286588387782e+00
5.860516190723737973e-01
2.909134037450089028e-01
5.323702305663212675e-01
1.686686819917725400e+00
4.806408515287010630e-01
4.082320866800644432e-01
1.615345054506633904e-01
9.319862250347443755e-02
1.425066503800435647e-01
2.740281544652580226e-01
3.559545453020596995e+00
3.769302082213999427e-01
4.677800926154516703e-01
1.752584704453007403e-01
6.619133360877151873e-01
2.179169515291839651e-02
1.047111185605830302e-01
1.622480532963376909e+00
4.260780696826576563e-01
4.026520601421952339e-01
1.301222024997936433e-01
4.955667799290266323e-02
1.248166278059865686e-01
3.009804565378964569e-01
6.802062563734340150e-01
4.260272290590261246e-01
6.302248878954562761e-01
6.882130970076195675e-01
2.535502386627073723e-01
1.359267474863586012e+00
1.128519354751605225e-01
6.609667180371443518e-01
4.819473055094823377e-01
4.380697145686346938e-01
2.484437740160744054e-05
3.141382660709676755e-01
8.980512572043984676e+00
6.159568677019930383e-02
4.671386526695179842e-01
3.038511433623682367e-01
3.507481865060506077e-01
4.780569894658150965e-01
2.093521772797710956e-01
5.801513807408300583e-01
6.333976516801371715e-06
9.111701413174350681e-04
4.430539941176761331e-05
3.996764450794209098e-05
1.053108181328804999e-04
7.116478696549791487e-06
4.495062584652781473e-07
1.264436040447779641e-05
4.504759388505439333e-01
1.913993958820070229e-01
4.001964316300875291e-02
2.962650356646091554e-01
1.790000101952174960e-01
1.741099134341660415e-01
6.881372469380159229e-01
1.329122795041752125e+00
1.204146884403268086e-01
8.794991790965185352e-01
5.983259912446805551e-01
1.155399636254187744e-06
5.446115383882957312e-05
3.445531329923970981e-06
2.300667061523271396e-05
6.906530371980755700e-08
1.124770711476661420e-04
5.416937479415566631e-04
1.864738103417117163e-04
1.650233701098411125e-04
4.004371874354241439e-05
2.344213637395249747e-04
1.650478652852364273e-04
2.891941995830674627e-04
1.798194600372671176e-05
5.186767142702909499e-03
1.233873252569813414e-05
8.716150215223738174e-05
2.771988640102874453e-06
1.721524022354548991e-05
1.682828073224045855e-05
2.677388924855716937e-08
6.174428921786189834e-07
